  1      1    10.6098475200    10.6137985750    10.6177496300    6.0635696523047395e+07    2.0169091521021083e+06
  2      2    10.6012968100    10.6059126800    10.6105285500    8.3218140340061277e+07    2.3581197204417409e+06
  3      3    10.5918164400    10.5961296300    10.6004428200    8.1913947896618232e+07    2.3026181095804027e+06
  4      4    10.5805632300    10.5855844750    10.5906057200    1.1422169341147995e+08    2.6995331448705089e+06
  5      5    10.5714828300    10.5761743700    10.5808659100    1.0987896123678249e+08    2.6179238598906887e+06
  6      6    10.5613538600    10.5668183150    10.5722827700    1.4590237278483492e+08    2.9981420618738518e+06
  7      7    10.5491169400    10.5542408800    10.5593648200    1.5104954997563714e+08    3.0258437781635150e+06
  8      8    10.5372151300    10.5431714400    10.5491277500    1.8421517043838376e+08    3.3397407578181420e+06
  9      9    10.5245782400    10.5301562000    10.5357341600    1.9606967781854033e+08    3.4033241226345287e+06
 10     10    10.5123953700    10.5188759650    10.5253565600    2.3734331186160299e+08    3.7361753275822294e+06
 11     11    10.4998341500    10.5059093700    10.5119845900    2.4245766159894860e+08    3.7515387105124616e+06
 12     12    10.4830570300    10.4901051500    10.4971532700    2.9972610716436011e+08    4.1400058549614316e+06
 13     13    10.4686905400    10.4753062600    10.4819219800    2.8267966029052603e+08    4.0072902725819880e+06
 14     14    10.4538267900    10.4614856750    10.4691445600    3.7129710839197153e+08    4.5496991108164554e+06
 15     15    10.4388873700    10.4460760200    10.4532646700    3.3558805184899098e+08    4.3169940588065293e+06
 16     16    10.4208454800    10.4291367500    10.4374280200    4.0507050893783003e+08    4.7123992785344627e+06
 17     17    10.4037656800    10.4115488800    10.4193320800    4.1568681256519985e+08    4.7414736076341532e+06
 18     18    10.3854859700    10.3944636750    10.4034413800    4.7106127898532236e+08    5.0322166634962205e+06
 19     19    10.3677359500    10.3761623450    10.3845887400    4.4308475236174667e+08    4.8476694521396616e+06
 20     20    10.3476509700    10.3573529450    10.3670549200    6.1709325780855870e+08    5.6464644631818198e+06
 21     21    10.3275551800    10.3366734150    10.3457916500    6.2626639729309940e+08    5.6446465239003450e+06
 22     22    10.3065405400    10.3170262400    10.3275119400    5.4525980797133327e+08    5.2508351899305834e+06
 23     23    10.2900336700    10.2975141900    10.3049947100    5.1065675182357454e+08    5.0453342290569050e+06
 24     24    10.2716566700    10.2801641400    10.2886716100    5.5772485830693483e+08    5.2615951697397754e+06
 25     25    10.2556794900    10.2636194350    10.2715593800    7.8870340016386700e+08    6.1383567232166687e+06
 26     26    10.2352918300    10.2443073700    10.2533229100    9.2514989303537142e+08    6.6160847461110130e+06
 27     27    10.2191092600    10.2275356550    10.2359620500    8.0950982193776929e+08    6.1583543428544663e+06
 28     28    10.1995755900    10.2091316300    10.2186876700    8.9304348965528917e+08    6.4408191733766310e+06
 29     29    10.1804959400    10.1894304050    10.1983648700    8.0731942218194962e+08    6.0968670206698589e+06
 30     30    10.1581949100    10.1683130700    10.1784312300    8.7605021631702459e+08    6.3173160262037776e+06
 31     31    10.1376559100    10.1471308750    10.1566058400    8.1912410538619077e+08    6.0682349017274687e+06
 32     32    10.1160142900    10.1266837600    10.1373532300    1.1695072588720021e+09    7.1620691702864487e+06
 33     33    10.0929457500    10.1029612150    10.1129766800    1.0875991493877017e+09    6.8608582275142530e+06
 34     34    10.0717257200    10.0829897400    10.0942537600    1.1221204628629224e+09    6.9369718121656645e+06
 35     35    10.0490139100    10.0596023050    10.0701907000    9.9436080807595921e+08    6.5036619446133003e+06
 36     36    10.0226158900    10.0345501300    10.0464843700    1.0970731532361913e+09    6.7768730049514882e+06
 37     37     9.9984879700    10.0096655100    10.0208430500    9.5025232977620959e+08    6.2810982203263054e+06
 38     38     9.9723169600     9.9849160150     9.9975150700    1.0033150561592308e+09    6.4111619101702524e+06
 39     39     9.9485241500     9.9603340750     9.9721440000    9.1325642266571021e+08    6.0761723865172723e+06
 40     40     9.9194993000     9.9327847900     9.9460702800    1.0979587004868286e+09    6.5922711147997044e+06
 41     41     9.9037167000     9.9114620650     9.9192074300    6.9179985052276897e+08    5.1694916279915608e+06
 42     42     9.8859234400     9.8945390100     9.9031545800    7.9407407157672691e+08    5.5139259669899829e+06
 43     43     9.8690274100     9.8770376200     9.8850478300    7.2609423740574110e+08    5.2400178421016876e+06
 44     44     9.8509639000     9.8598605300     9.8687571600    7.7630817821582210e+08    5.4018451579011399e+06
 45     45     9.8333327900     9.8416024400     9.8498720900    7.0527165929750299e+08    5.1258666641951790e+06
 46     46     9.8134964400     9.8226795350     9.8318626300    7.5993785173725247e+08    5.2887843937826362e+06
 47     47     9.7957464200     9.8042863200     9.8128262200    6.7962871826838887e+08    4.9758817238510214e+06
 48     48     9.7757695400     9.7852391000     9.7947086600    7.4314001649162376e+08    5.1870453292927304e+06
 49     49     9.7567115100     9.7655270650     9.7743426200    6.6601954707182324e+08    4.8821122375126118e+06
 50     50     9.7359671200     9.7457447650     9.7555224100    7.1379155637426400e+08    5.0349006431076536e+06
 51     51     9.7171685300     9.7262705500     9.7353725700    6.3883775177987218e+08    4.7439050677820547e+06
 52     52     9.6948675000     9.7049586350     9.7150497700    7.0625766176551878e+08    4.9647149777456792e+06
 53     53     9.6751716800     9.6845817850     9.6939918900    5.9973338685358036e+08    4.5557606235689893e+06
 54     54     9.6536489700     9.6640427850     9.6744366000    6.8734237995886147e+08    4.8608960598592302e+06
 55     55     9.6334450800     9.6431470550     9.6528490300    6.2394658316222143e+08    4.6066672192705758e+06
 56     56     9.6122574800     9.6229810000     9.6337045200    6.7002553780186713e+08    4.7663229374976391e+06
 57     57     9.5899456400     9.5999557000     9.6099657600    6.2043841457905567e+08    4.5653516076237252e+06
 58     58     9.5668771000     9.5779303250     9.5889835500    7.3490318902170348e+08    4.9256457396504562e+06
 59     59     9.5462840500     9.5566076000     9.5669311500    7.1652462504873276e+08    4.8243576160378195e+06
 60     60     9.5219399300     9.5333174550     9.5446949800    1.0247576579246106e+09    5.6804764961467022e+06
 61     61     9.4993578400     9.5099840700     9.5206103000    1.0185419105948942e+09    5.6171702152635287e+06
 62     62     9.4751866800     9.4869047200     9.4986227600    9.2991066195625663e+08    5.3399006501262803e+06
 63     63     9.4527451200     9.4637064600     9.4746678000    1.0896460492288926e+09    5.7398891576387445e+06
 64     64     9.4266605900     9.4387353600     9.4508101300    1.1390516282146692e+09    5.8535325869463244e+06
 65     65     9.4082619700     9.4172450800     9.4262281900    8.6374498772775280e+08    5.0678278202993693e+06
 66     66     9.3879932200     9.3978843700     9.4077755200    8.4115010654375029e+08    4.9848148008310292e+06
 67     67     9.3698432300     9.3790479450     9.3882526600    8.4880162272328484e+08    4.9858918152900329e+06
 68     68     9.3474989600     9.3576225250     9.3677460900    8.5904269715838075e+08    4.9913890148164760e+06
 69     69     9.3287976600     9.3382293850     9.3476611100    8.4651571082064033e+08    4.9285915421143454e+06
 70     70     9.3062263800     9.3165823600     9.3269383400    8.1985568180893922e+08    4.8314192137208227e+06
 71     71     9.2857846700     9.2954380000     9.3050913300    8.2788537533903587e+08    4.8289970291673932e+06
 72     72     9.2634295900     9.2740396050     9.2846496200    8.2578628326967287e+08    4.7953586050750846e+06
 73     73     9.2452039300     9.2550950800     9.2649862300    8.0232261762747264e+08    4.7017928087389087e+06
 74     74     9.2202112100     9.2310428300     9.2418744500    7.8770570749277401e+08    4.6331693818242140e+06
 75     75     9.1998559800     9.2099579250     9.2200598700    8.0853193065501237e+08    4.6703899755473901e+06
 76     76     9.1774900900     9.1885216950     9.1995533000    5.2442363613694471e+08    3.7469823964593317e+06
 77     77     9.1561295300     9.1664368650     9.1767442000    7.9074825439333355e+08    4.5704537066799253e+06
 78     78     9.1340555100     9.1453249350     9.1565943600    8.2415667575849998e+08    4.6503339025037196e+06
 79     79     9.1117436700     9.1222834200     9.1328231700    7.2100372436268806e+08    4.3171033831449356e+06
 80     80     9.0868482400     9.0983500800     9.1098519200    7.9933362239231718e+08    4.5221669464265965e+06
 81     81     9.0639310400     9.0751247950     9.0863185500    7.5260808874007261e+08    4.3640772038068427e+06
 82     82     9.0495861700     9.0563694450     9.0631527200    4.7743736895435083e+08    3.4623810407598955e+06
 83     83     9.0345818900     9.0419651200     9.0493483500    4.6760773128159213e+08    3.4089820567311039e+06
 84     84     9.0183777000     9.0255879700     9.0327982400    4.9841632347063768e+08    3.5170273151669023e+06
 85     85     9.0035355700     9.0104323500     9.0173291300    4.7557495459230977e+08    3.4205156720535373e+06
 86     86     8.9894609500     8.9966928400     9.0039247300    4.5844573775247103e+08    3.3495467551273010e+06
 87     87     8.9730513700     8.9801913750     8.9873313800    4.8617073484767973e+08    3.4349503252591025e+06
 88     88     8.9584146300     8.9657384050     8.9730621800    4.4801197141571933e+08    3.2827756825211067e+06
 89     89     8.9420699100     8.9500260700     8.9579822300    4.7488740972609895e+08    3.3705564759365846e+06
 90     90     8.9265575600     8.9340002450     8.9414429300    4.7148338681119752e+08    3.3457219884010977e+06
 91     91     8.9114559900     8.9184176300     8.9253792700    4.7213535214346123e+08    3.3313388056848207e+06
 92     92     8.8949275000     8.9025323350     8.9101371700    4.6420732018908250e+08    3.2922996923991251e+06
 93     93     8.8787665500     8.8865659650     8.8943653800    4.6129150789158285e+08    3.2873608912328579e+06
 94     94     8.8637730800     8.8714427750     8.8791124700    4.2342394570579904e+08    3.1542714676409015e+06
 95     95     8.8464014100     8.8544332400     8.8624650700    4.9885610032302386e+08    3.4277618474268625e+06
 96     96     8.8303593700     8.8378561050     8.8453528400    4.5696321777681547e+08    3.2915460248120818e+06
 97     97     8.8155712900     8.8228572300     8.8301431700    4.6065070540720510e+08    3.3137771078034686e+06
 98     98     8.7988266000     8.8071557050     8.8154848100    4.7194472436354512e+08    3.3652186585982731e+06
 99     99     8.7816495100     8.7898543000     8.7980590900    4.7112057830425012e+08    3.3805863499709317e+06
100    100     8.7655966600     8.7732987850     8.7810009100    4.5460521124131316e+08    3.3370798918217570e+06
101    101     8.7494357100     8.7574675400     8.7654993700    5.3267682181977379e+08    3.6299007737251245e+06
102    102     8.7324099600     8.7402309950     8.7480520300    4.6788950138039994e+08    3.4302431488709459e+06
103    103     8.7103467500     8.7184434400     8.7265401300    4.3951724897188908e+08    3.3622741058121580e+06
104    104     8.6953857100     8.7041472150     8.7129087200    4.9468334211174804e+08    3.5986126245434890e+06
105    105     8.6813219000     8.6894834500     8.6976450000    4.4834969643213719e+08    3.4517678900884339e+06
106    106     8.6588154800     8.6664689600     8.6741224400    4.7315243343169743e+08    3.5890605043847770e+06
107    107     8.6437247200     8.6521997600     8.6606748000    5.4857408317942572e+08    3.8764740613960163e+06
108    108     8.6280394100     8.6367036250     8.6453678400    5.4321786822402072e+08    3.8759932509816540e+06
109    109     8.6040304000     8.6123054550     8.6205805100    6.1611920625101769e+08    4.1302579132140400e+06
110    110     8.5910692100     8.5997064000     8.6083435900    9.0249986677569330e+08    4.9155892092431784e+06
111    111     8.5698383700     8.5780485650     8.5862587600    1.1187108641431339e+09    5.4653042300561601e+06
112    112     8.5503911800     8.5588878400     8.5673845000    1.2508587554556067e+09    5.7829204669367140e+06
113    113     8.5360787400     8.5453969600     8.5547151800    1.7138918915344658e+09    6.7400313638529694e+06
114    114     8.5148695200     8.5235121150     8.5321547100    1.6835753899904799e+09    6.6859379937861226e+06
115    115     8.4966979100     8.5048270300     8.5129561500    2.5548704134676824e+09    8.1898890949008474e+06
116    116     8.4873796900     8.4962601050     8.5051405200    2.9520490892445550e+09    8.8128856994831506e+06
117    117     8.4574576100     8.4666353000     8.4758129900    2.8851101810473628e+09    8.7893923302473817e+06
118    118     8.4390481800     8.4477988750     8.4565495700    2.7382300088566952e+09    8.6084421760813929e+06
119    119     8.4283895200     8.4374969450     8.4466043700    2.7979050023107176e+09    8.7329843823694158e+06
120    120     8.4023698500     8.4110935200     8.4198171900    2.7677761183633366e+09    8.7528431970260330e+06
121    121     8.3820902900     8.3911328550     8.4001754200    2.6399206463019109e+09    8.6272634264544398e+06
122    122     8.3652591200     8.3750097400     8.3847603600    2.4682124413212409e+09    8.3449276718342146e+06
123    123     8.3467632100     8.3558111800     8.3648591500    2.7832528011963468e+09    8.8912406004503369e+06
124    124     8.3229163500     8.3314994900     8.3400826300    2.4894576613413448e+09    8.4594608636684828e+06
125    125     8.3100740700     8.3197922600     8.3295104500    2.0754811037400544e+09    7.7470980098977285e+06

126      1     8.2884216400     8.2926159200     8.2968102000    9.4655686276883364e+08    5.2153755383834476e+06
127      2     8.2800006500     8.2842111450     8.2884216400    9.4505613998455632e+08    5.2169374752603984e+06
128      3     8.2715796600     8.2757901550     8.2800006500    9.7882731621247315e+08    5.3038155935301399e+06
129      4     8.2631370500     8.2673583550     8.2715796600    8.1814418302060270e+08    4.8698523073842740e+06
130      5     8.2546944400     8.2589157450     8.2631370500    9.4094744215004981e+08    5.2306472068560012e+06
131      6     8.2462194000     8.2504569200     8.2546944400    8.8858711546457541e+08    5.0944697619986003e+06
132      7     8.2377443600     8.2419818800     8.2462194000    7.9045079030673218e+08    4.8044325074450346e+06
133      8     8.2292585100     8.2335014350     8.2377443600    8.9880887931939363e+08    5.1279676502803992e+06
134      9     8.2207510400     8.2250047750     8.2292585100    9.0112161374223411e+08    5.1393729790076157e+06
135     10     8.2122219500     8.2164864950     8.2207510400    7.6021577844862294e+08    4.7214243765260978e+06
136     11     8.2036928600     8.2079574050     8.2122219500    8.7851954277145541e+08    5.0785914873759504e+06
137     12     8.1951421500     8.1994175050     8.2036928600    9.3617026101732552e+08    5.2459855332185002e+06
138     13     8.1865806300     8.1908613900     8.1951421500    8.4691443283848178e+08    5.0032175524740489e+06
139     14     8.1779974900     8.1822890600     8.1865806300    8.1897950227024281e+08    4.9307147103712242e+06
140     15     8.1694035400     8.1737005150     8.1779974900    8.1099874679667747e+08    4.9183882498437129e+06
141     16     8.1607987800     8.1651011600     8.1694035400    7.3300349863433611e+08    4.6833941985558895e+06
142     17     8.1521832100     8.1564909950     8.1607987800    8.1495337174805868e+08    4.9282014455256406e+06
143     18     8.1435352100     8.1478592100     8.1521832100    7.7985315664243293e+08    4.8384932358006919e+06
144     19     8.1348872100     8.1392112100     8.1435352100    6.8031857066567123e+08    4.5276650112634646e+06
145     20     8.1262175900     8.1305524000     8.1348872100    8.0423402344638908e+08    4.9238834016439002e+06
146     21     8.1175371600     8.1218773750     8.1262175900    7.3307323391477370e+08    4.7177221662950050e+06
147     22     8.1088351100     8.1131861350     8.1175371600    6.3514148507159519e+08    4.3894128135484802e+06
148     23     8.1001222500     8.1044786800     8.1088351100    6.9330274837856650e+08    4.5920674023723118e+06
149     24     8.0913877700     8.0957550100     8.1001222500    7.0597893341935408e+08    4.6415403795565208e+06
150     25     8.0826424800     8.0870151250     8.0913877700    6.6417148206914735e+08    4.5204390506843422e+06
151     26     8.0738863800     8.0782644300     8.0826424800    6.2885630351944721e+08    4.4018025885615284e+06
152     27     8.0651086600     8.0694975200     8.0738863800    6.3912082224197829e+08    4.4472947512481771e+06
153     28     8.0563093200     8.0607089900     8.0651086600    5.9757278788591659e+08    4.3080633341869079e+06
154     29     8.0474991700     8.0519042450     8.0563093200    6.2909790913444352e+08    4.4172751492164163e+06
155     30     8.0386782100     8.0430886900     8.0474991700    5.9367042237084699e+08    4.3041987286439184e+06
156     31     8.0298248200     8.0342515150     8.0386782100    6.4385126637466776e+08    4.4809185818931395e+06
157     32     8.0209714300     8.0253981250     8.0298248200    6.2194861625003839e+08    4.4086848924906719e+06
158     33     8.0120964200     8.0165339250     8.0209714300    6.4529959990080464e+08    4.4941992949645706e+06
159     34     8.0031997900     8.0076481050     8.0120964200    5.2407180936160588e+08    4.0586967533829943e+06
160     35     7.9942815400     7.9987406650     8.0031997900    6.4424154995176888e+08    4.4885055146400863e+06
161     36     7.9853524800     7.9898170100     7.9942815400    5.9107065048723495e+08    4.3241516821604120e+06
162     37     7.9764126100     7.9808825450     7.9853524800    5.7548650162436295e+08    4.2682905273149926e+06
163     38     7.9674511200     7.9719318650     7.9764126100    5.9805414236032522e+08    4.3612472434622589e+06
164     39     7.9584680100     7.9629595650     7.9674511200    5.6277343580320895e+08    4.2423121855682824e+06
165     40     7.9494632800     7.9539656450     7.9584680100    5.3655239917149299e+08    4.1450075319081158e+06
166     41     7.9404477400     7.9449555100     7.9494632800    5.6476480330840147e+08    4.2543494699767455e+06
167     42     7.9314105800     7.9359291600     7.9404477400    5.6752666230887818e+08    4.2756849146559667e+06
168     43     7.9223626100     7.9268865950     7.9314105800    5.0728369791197813e+08    4.0429018688355801e+06
169     44     7.9132930200     7.9178278150     7.9223626100    5.2249478316480839e+08    4.1173957726635989e+06
170     45     7.9042018100     7.9087474150     7.9132930200    5.0454219263237900e+08    4.0492951082077976e+06
171     46     7.8950889800     7.8996453950     7.9042018100    4.7288671627161473e+08    3.9239753942111623e+06
172     47     7.8859653400     7.8905271600     7.8950889800    4.9943498178044832e+08    4.0491579666827125e+06
173     48     7.8768200800     7.8813927100     7.8859653400    5.1898040388735545e+08    4.1255950775776734e+06
174     49     7.8676532000     7.8722366400     7.8768200800    4.8946189308304393e+08    4.0136436381440251e+06
175     50     7.8584755100     7.8630643550     7.8676532000    4.6133629584950006e+08    3.9120540876884530e+06
176     51     7.8492762000     7.8538758550     7.8584755100    4.7478643426508254e+08    3.9743190330526838e+06
177     52     7.8400552700     7.8446657350     7.8492762000    4.4058300836002773e+08    3.8281938136163200e+06
178     53     7.8308127200     7.8354339950     7.8400552700    4.5243843719268066e+08    3.8946512799483859e+06
179     54     7.8215485500     7.8261806350     7.8308127200    4.6185319768800682e+08    3.9412850141691719e+06
180     55     7.8122735700     7.8169110600     7.8215485500    4.5492749954562551e+08    3.9137131722645522e+06
181     56     7.8029769700     7.8076252700     7.8122735700    4.4885999824478078e+08    3.8952018393719438e+06
182     57     7.7936587500     7.7983178600     7.8029769700    5.0115812433064669e+08    4.1106237608321635e+06
183     58     7.7843189100     7.7889888300     7.7936587500    4.5351633320445722e+08    3.9199968361492315e+06
184     59     7.7749574500     7.7796381800     7.7843189100    4.5697121399847454e+08    3.9405050175666963e+06
185     60     7.7655851800     7.7702713150     7.7749574500    4.6635969891038561e+08    3.9942104689848553e+06
186     61     7.7561804800     7.7608828300     7.7655851800    4.3523188219427425e+08    3.8679353518672702e+06
187     62     7.7467649700     7.7514727250     7.7561804800    4.5619256302222574e+08    3.9589613049635421e+06
188     63     7.7373170300     7.7420410000     7.7467649700    4.6625851396692836e+08    4.0168823161600879e+06
189     64     7.7278582800     7.7325876550     7.7373170300    4.0757388209034818e+08    3.7618402106270227e+06
190     65     7.7183779100     7.7231180950     7.7278582800    3.9806952147248328e+08    3.7293532748194435e+06
191     66     7.7088759200     7.7136269150     7.7183779100    3.9238761447910190e+08    3.7078421791247190e+06
192     67     7.6993523100     7.7041141150     7.7088759200    4.1954509117470050e+08    3.8406001153682964e+06
193     68     7.6898070800     7.6945796950     7.6993523100    4.4303447295514351e+08    3.9560687188332677e+06
194     69     7.6802402300     7.6850236550     7.6898070800    4.1377819747659409e+08    3.8225678245100523e+06
195     70     7.6706625700     7.6754514000     7.6802402300    3.5068288234505099e+08    3.5436440107660405e+06
196     71     7.6610524800     7.6658575250     7.6706625700    2.8841535058085579e+08    3.2067935314524141e+06
197     72     7.6514207700     7.6562366250     7.6610524800    4.0766415433573830e+08    3.8134717516249805e+06
198     73     7.6417674400     7.6465941050     7.6514207700    3.7373919774218750e+08    3.6591975988438381e+06
199     74     7.6320924900     7.6369299650     7.6417674400    4.0839606644607073e+08    3.8409399932970810e+06
200     75     7.6223959200     7.6272442050     7.6320924900    3.2719418791683352e+08    3.4539926733149020e+06
201     76     7.6126777300     7.6175368250     7.6223959200    2.6213287057980034e+08    3.0916620374588631e+06
202     77     7.6029379200     7.6078078250     7.6126777300    3.0521196349359626e+08    3.3732327064760700e+06
203     78     7.5931764900     7.5980572050     7.6029379200    2.6190467937136716e+08    3.0936627351050787e+06
204     79     7.5833934400     7.5882849650     7.5931764900    3.0976144957644933e+08    3.3753194734619665e+06
205     80     7.5735887700     7.5784911050     7.5833934400    3.7765987664201933e+08    3.7601736281102411e+06
206     81     7.5637624800     7.5686756250     7.5735887700    3.8615316157770079e+08    3.7885570195533670e+06
207     82     7.5539037600     7.5588331200     7.5637624800    3.1100385938393378e+08    3.4175666590396515e+06
208     83     7.5440342300     7.5489689950     7.5539037600    3.4705124304658252e+08    3.6330831477173669e+06
209     84     7.5341322700     7.5390832500     7.5440342300    3.1108811491457003e+08    3.4107716364237098e+06
210     85     7.5242086900     7.5291704800     7.5341322700    2.9586840606890523e+08    3.3687557966652494e+06
211     86     7.5142634900     7.5192360900     7.5242086900    3.5048631669175601e+08    3.6663695038954928e+06
212     87     7.5042966700     7.5092800800     7.5142634900    3.6835152792126775e+08    3.7601219565872685e+06
213     88     7.4943082300     7.4993024500     7.5042966700    1.2223808164622702e+08    2.2196586812847867e+06
214     89     7.4842873600     7.4892977950     7.4943082300    2.7291377232330692e+08    3.2542480626188382e+06
215     90     7.4742448700     7.4792661150     7.4842873600    3.7988033837069571e+08    3.8143473131715027e+06
216     91     7.4641807600     7.4692128150     7.4742448700    3.2880641573016554e+08    3.5820843374847639e+06
217     92     7.4540950300     7.4591378950     7.4641807600    3.3725051869319534e+08    3.6311635546633685e+06
218     93     7.4439876800     7.4490413550     7.4540950300    3.1277166639678538e+08    3.5181941295723836e+06
219     94     7.4338479000     7.4389177900     7.4439876800    2.8577241449908149e+08    3.3759378243851424e+06
220     95     7.4236865000     7.4287672000     7.4338479000    3.1931300843874985e+08    3.5705340548577639e+06
221     96     7.4135034800     7.4185949900     7.4236865000    3.1563871165170300e+08    3.5475084762267275e+06
222     97     7.4032988400     7.4084011600     7.4135034800    2.7436930244961965e+08    3.3272547663459429e+06
223     98     7.3930617700     7.3981803050     7.4032988400    3.1768660503992563e+08    3.5891166029766756e+06
224     99     7.3828030800     7.3879324250     7.3930617700    2.9537269848614883e+08    3.4644986997507047e+06
225    100     7.3725119600     7.3776575200     7.3828030800    8.9952709426560700e+06    6.1952542111049220e+05
226    101     7.3622100300     7.3673609950     7.3725119600    2.4132294128697035e+08    3.1666986024110820e+06
227    102     7.3518756700     7.3570428500     7.3622100300    3.7556004352711570e+08    3.9205538774715955e+06

228    179     7.3063980000     7.3164891350     7.3265802700    4.1418467252563104e+07    1.3390735838737849e+06
229    180     7.2890479500     7.2985499400     7.3080519300    8.0171034866380930e+08    5.8366207961012404e+06
230    181     7.2751462900     7.2841294000     7.2931125100    1.6536045155920297e+08    2.6964191639298340e+06
231    182     7.2599258100     7.2696115700     7.2792973300    8.1762990959256864e+08    5.9265275976058394e+06
232    183     7.2434621800     7.2533479250     7.2632336700    5.9807806862740052e+08    5.1198289372578189e+06
233    184     7.2294848500     7.2392624950     7.2490401400    6.7035348063563955e+08    5.4285742153701046e+06
234    185     7.2106970700     7.2207611800     7.2308252900    8.6227291068564844e+08    6.2338240214215145e+06
235    186     7.1961900500     7.2056812300     7.2151724100    4.5381819335489082e+08    4.5214825641917353e+06
236    187     7.1850989900     7.1942172250     7.2033354600    6.3676126505749679e+08    5.3459307832372906e+06
237    188     7.1682678200     7.1784292200     7.1885906200    6.3191253184386492e+08    5.3622415567527330e+06
238    189     7.1514582700     7.1616791250     7.1718999800    6.2646679085462701e+08    5.3788280817406196e+06
239    190     7.1382268300     7.1480531200     7.1578794100    5.7512409991555929e+08    5.1722249621911850e+06
240    191     7.1224442300     7.1324434800     7.1424427300    6.6937810014881420e+08    5.6025920132062426e+06
241    192     7.1057644000     7.1152772000     7.1247900000    6.0788001737283731e+08    5.3662380768511444e+06
242    193     7.0915924900     7.1010836700     7.1105748500    6.3665167425601852e+08    5.5043793160849884e+06
243    194     7.0546871500     7.0651620400     7.0756369300    7.8896238284431040e+08    6.2134404722583257e+06
244    195     7.0010803600     7.0111120400     7.0211437200    7.6074358214430261e+08    6.2038730326420357e+06
245    196     6.9485545700     6.9586619200     6.9687692700    7.9152700736716819e+08    6.4771304822866842e+06
246    197     6.8939316400     6.9047362350     6.9155408300    7.8048175869695628e+08    6.5578228386587724e+06
247    198     6.8378277400     6.8487080050     6.8595882700    8.0603404181090629e+08    6.7948536119655240e+06
248    199     6.7856262500     6.7960092550     6.8063922600    1.1472338798715792e+09    8.3304889837623592e+06
249    200     6.7310789900     6.7421970750     6.7533151600    6.0065973102131259e+08    6.1780119702028623e+06
250    201     6.6747697000     6.6859310250     6.6970923500    8.0779952350724900e+08    7.3703744990668418e+06
251    202     6.6232492400     6.6339349250     6.6446206100    7.9984431721809304e+08    7.5415640455411151e+06
252    203     6.5663994500     6.5778364300     6.5892734100    8.2006976924956012e+08    7.9063099774979670e+06
253    204     6.5122197300     6.5236242800     6.5350288300    8.2957479801000988e+08    8.2173238488326659e+06
254    205     6.4434032700     6.4564941800     6.4695850900    1.0327881978250787e+09    9.5943595269187093e+06
255    206     6.3930935300     6.4067357500     6.4203779700    1.0442611280604277e+09    1.0026104504631784e+07
256    207     6.3328818300     6.3471240050     6.3613661800    1.0166885322179753e+09    1.0474609588187611e+07
257    208     6.2811559800     6.2945820000     6.3080080200    1.0717676870795388e+09    1.1289165988320893e+07
258    209     6.2248575000     6.2395212650     6.2541850300    1.1799333082650137e+09    1.2572357246571064e+07
259    210     6.1732938000     6.1878494650     6.2024051300    1.1044392482799149e+09    1.3057713939724851e+07
260    211     6.1168223600     6.1283404150     6.1398584700    9.6281465298095429e+08    1.3362090076114500e+07
261    212     6.0674639000     6.0788954750     6.0903270500    9.6973078417146325e+08    1.4730212542914426e+07
262    213     6.0065279300     6.0221105450     6.0376931600    1.2886457455095301e+09    1.9462194496468920e+07
263    214     5.9601314100     5.9713089500     5.9824864900    1.0591108142331902e+09    2.1124781557698224e+07
264    215     5.8983090200     5.9136592200     5.9290094200    1.6467309962688837e+09    3.6746853599303737e+07
265    216     5.8489073200     5.8610847850     5.8732622500    3.7401253237252402e+09    1.5162391124066472e+08
