90033
90034
90035
90036
90037
90038
90039
90045
90059
90061
90062
90063
90064
90070
90071
90072
90073
90074
90075
90076
90077
90078
90079
90080
90081
90082
90084
90085
90086
90087
90088
90090
90092
90093
90094
90095
90098
90099
90100
90101
90102
90103
90104
90105
90106
90107
90108
90114
90115
90116
90117
90118
90119
90120
90121
90122
90123
90124
90125
90126
90127
90128
90129
90130
90131
90132
90133
90134
90135
90136
90137
90138
90139
90140
90141
90142
90143
90144
90145
90146
90147
90148
90149
90150
90152
90153
90154
90155
90156
90157
90158
90159
90160
90161
90162
90163
90164
90165
90166
90167
90168
90169
90170
90171
90172
90174
90175
90177
90178
90179
90181
90182
90183
90184
90185
90186
90189
90190
90191
90192
90193
90194
90195
90198
90199
90200
90202
90203
90204
90205
90607
90608
90610
90611
90613
90615
90616
90617
90618
90619
90620
90621
90622
90623
90624
90625
90626
90627
90628
90629
90630
90631
90632
90633
90634
90647
90653
90654
90655
90656
90660
