6.0     8.0     0.2     0.7     -180    -140
6.0     8.0     0.2     0.7     -140    -100
6.0     8.0     0.2     0.7     -100    -60
6.0     8.0     0.2     0.7     -60     -20
6.0     8.0     0.2     0.7     -20     20
6.0     8.0     0.2     0.7     20      60
6.0     8.0     0.2     0.7     60      100
6.0     8.0     0.2     0.7     100     140
6.0     8.0     0.2     0.7     140     180
6.0     8.0     0.7     2.0     -180    -140
6.0     8.0     0.7     2.0     -140    -100
6.0     8.0     0.7     2.0     -100    -60
6.0     8.0     0.7     2.0     -60     -20
6.0     8.0     0.7     2.0     -20     20
6.0     8.0     0.7     2.0     20      60
6.0     8.0     0.7     2.0     60      100
6.0     8.0     0.7     2.0     100     140
6.0     8.0     0.7     2.0     140     180
8.0     9.0     0.2     0.7     -180    -140
8.0     9.0     0.2     0.7     -140    -100
8.0     9.0     0.2     0.7     -100    -60
8.0     9.0     0.2     0.7     -60     -20
8.0     9.0     0.2     0.7     -20     20
8.0     9.0     0.2     0.7     20      60
8.0     9.0     0.2     0.7     60      100
8.0     9.0     0.2     0.7     100     140
8.0     9.0     0.2     0.7     140     180
8.0     9.0     0.7     2.0     -180    -140
8.0     9.0     0.7     2.0     -140    -100
8.0     9.0     0.7     2.0     -100    -60
8.0     9.0     0.7     2.0     -60     -20
8.0     9.0     0.7     2.0     -20     20
8.0     9.0     0.7     2.0     20      60
8.0     9.0     0.7     2.0     60      100
8.0     9.0     0.7     2.0     100     140
8.0     9.0     0.7     2.0     140     180
9.0    10.5     0.2     0.7     -180    -140
9.0    10.5     0.2     0.7     -140    -100
9.0    10.5     0.2     0.7     -100    -60
9.0    10.5     0.2     0.7     -60     -20
9.0    10.5     0.2     0.7     -20     20
9.0    10.5     0.2     0.7     20      60
9.0    10.5     0.2     0.7     60      100
9.0    10.5     0.2     0.7     100     140
9.0    10.5     0.2     0.7     140     180
9.0    10.5     0.7     2.0     -180    -140
9.0    10.5     0.7     2.0     -140    -100
9.0    10.5     0.7     2.0     -100    -60
9.0    10.5     0.7     2.0     -60     -20
9.0    10.5     0.7     2.0     -20     20
9.0    10.5     0.7     2.0     20      60
9.0    10.5     0.7     2.0     60      100
9.0    10.5     0.7     2.0     100     140
9.0    10.5     0.7     2.0     140     180