5.8     7.8     0.200   0.250
5.8     7.8     0.250   0.270
5.8     7.8     0.270   0.280
5.8     7.8     0.280   0.290
5.8     7.8     0.290   0.300
5.8     7.8     0.300   0.310
5.8     7.8     0.310   0.320
5.8     7.8     0.320   0.330
5.8     7.8     0.330   0.340
5.8     7.8     0.340   0.360
5.8     7.8     0.360   0.380
5.8     7.8     0.380   0.400
5.8     7.8     0.400   0.420
5.8     7.8     0.420   0.460
5.8     7.8     0.460   0.500
5.8     7.8     0.500   0.550
5.8     7.8     0.550   0.600
5.8     7.8     0.600   0.700
5.8     7.8     0.700   0.800
5.8     7.8     0.800   0.900
5.8     7.8     0.900   1.000
5.8     7.8     1.000   1.200
5.8     7.8     1.200   2.000
7.8     8.8     0.200   0.240
7.8     8.8     0.240   0.250
7.8     8.8     0.250   0.260
7.8     8.8     0.260   0.265
7.8     8.8     0.265   0.270
7.8     8.8     0.270   0.275
7.8     8.8     0.275   0.280
7.8     8.8     0.280   0.290
7.8     8.8     0.290   0.300
7.8     8.8     0.300   0.310
7.8     8.8     0.310   0.320
7.8     8.8     0.320   0.330
7.8     8.8     0.330   0.340
7.8     8.8     0.340   0.350
7.8     8.8     0.350   0.360
7.8     8.8     0.360   0.370
7.8     8.8     0.370   0.380
7.8     8.8     0.380   0.390
7.8     8.8     0.390   0.400
7.8     8.8     0.400   0.420
7.8     8.8     0.420   0.440
7.8     8.8     0.440   0.460
7.8     8.8     0.460   0.480
7.8     8.8     0.480   0.500
7.8     8.8     0.500   0.550
7.8     8.8     0.550   0.600
7.8     8.8     0.600   0.650
7.8     8.8     0.650   0.700
7.8     8.8     0.700   0.750
7.8     8.8     0.750   0.800
7.8     8.8     0.800   0.900
7.8     8.8     0.900   1.000
7.8     8.8     1.000   1.200
7.8     8.8     1.200   2.000
8.8     10.8    0.200   0.240
8.8     10.8    0.240   0.260
8.8     10.8    0.260   0.270
8.8     10.8    0.270   0.280
8.8     10.8    0.280   0.290
8.8     10.8    0.290   0.300
8.8     10.8    0.300   0.310
8.8     10.8    0.310   0.320
8.8     10.8    0.320   0.330
8.8     10.8    0.330   0.340
8.8     10.8    0.340   0.350
8.8     10.8    0.350   0.360
8.8     10.8    0.360   0.380
8.8     10.8    0.380   0.400
8.8     10.8    0.400   0.420
8.8     10.8    0.420   0.440
8.8     10.8    0.440   0.460
8.8     10.8    0.460   0.480
8.8     10.8    0.480   0.500
8.8     10.8    0.500   0.550
8.8     10.8    0.550   0.600
8.8     10.8    0.600   0.700
8.8     10.8    0.700   0.800
8.8     10.8    0.800   0.900
8.8     10.8    0.900   1.000
8.8     10.8    1.000   1.200
8.8     10.8    1.200   2.000