          0.100000001       845.600403       673.262207       174.183395       119.587852    
          0.109999999       731.522766       573.853210       162.841675       111.466087    
          0.119999997       582.397034       445.545532       148.213181       102.030945    
          0.129999995       504.233734       379.548126       137.558395       94.0166016    
          0.140000001       434.915863       321.587280       126.867149       86.3008041    
          0.150000006       344.771881       247.081802       113.353874       77.0072937    
          0.159999996       298.046051       209.099380       104.118721       70.2344971    
          0.170000002       258.670135       177.493515       95.7507858       64.0703888    
          0.180000007       223.666748       149.902969       87.5849838       58.0891724    
          0.189999998       194.291092       127.393349       80.2546310       52.8614502    
          0.200000003       168.242523       107.707573       73.3867874       47.9075432    
          0.209999993       146.391373       91.4792099       67.0471420       43.3103027    
          0.219999999       126.995422       77.3700943       61.1375694       39.0692215    
          0.230000004       110.823845       65.8387451       55.8147240       35.2440987    
          0.239999995       95.5006943       55.1210289       50.6090088       31.5056705    
          0.250000000       83.6538315       47.0243378       46.1901054       28.3259830    
          0.259999990       72.2951508       39.5045204       41.7898560       25.2439728    
          0.270000011       62.9542503       33.4839973       37.9388237       22.5493183    
          0.280000001       54.6372490       28.0895519       34.3180504       19.9673710    
          0.289999992       47.8355408       23.9987164       31.1707325       17.8171444    
          0.300000012       41.7549553       20.4683647       28.2135677       15.8261337    
          0.310000002       36.3559456       17.4460011       25.4846592       13.9988546    
          0.319999993       31.9555969       15.0991402       23.0965786       12.3363495    
          0.330000013       27.6644516       12.8949137       20.7353840       10.8048601    
          0.340000004       24.2091618       11.2037706       18.7135792       9.51785564    
          0.349999994       23.0436764       10.6025162       17.8289280       9.01361370    
          0.360000014       20.2777061       9.31680775       16.1109695       7.93963003    
          0.370000005       17.7866993       8.22659397       14.5161867       6.95521402    
          0.379999995       15.6185579       7.34026527       13.0729475       6.08471298    
          0.389999986       13.7358017       6.65472746       11.7577286       5.34720755    
          0.400000006       13.0928421       6.33059072       11.2147989       5.06755400    
          0.409999996       11.3952894       5.77677393       10.0107279       4.37425804    
          0.419999987       10.1928177       5.35362864       9.08356285       3.85328674    
          0.430000007       9.01246929       4.99450350       8.16405010       3.34054732    
          0.439999998       8.60023689       4.77856970       7.79470634       3.16721225    
          0.449999988       7.61028147       4.50481844       6.99231958       2.73750424    
          0.460000008       6.75020361       4.30570984       6.27614450       2.36506081    
          0.469999999       6.44685698       4.16271353       5.99675131       2.21580100    
          0.479999989       5.73294401       4.00262976       5.37935019       1.90089953    
          0.490000010       5.10332251       3.88706279       4.81897306       1.62986469    
          0.500000000       4.87807798       3.75016594       4.60800505       1.55489719    
          0.509999990       4.36470795       3.67883897       4.13801432       1.33622777    
          0.519999981       3.89452100       3.61106610       3.69500828       1.13750517    
          0.529999971       3.72575951       3.48916364       3.53601813       1.08485353    
          0.540000021       3.34263682       3.44398499       3.16562629      0.933239162    
          0.550000012       3.00855255       3.41070628       2.83510327      0.797338784    
          0.560000002       2.88059974       3.30115104       2.71526408      0.763756275    
          0.569999993       2.59817004       3.27562499       2.42938447      0.652366638    
          0.579999983       2.34172797       3.25352979       2.16555238      0.558642566    
          0.589999974       2.24401975       3.15371203       2.07567501      0.537946880    
          0.600000024       2.02684307       3.14246821       1.84798443      0.467123508    
          0.610000014       1.84210014       3.12954211       1.65051854      0.405135006    
          0.620000005       1.76672280       3.03638768       1.58329260      0.392706245    
          0.629999995       1.60273015       3.02584386       1.40576744      0.341996670    
          0.639999986       1.53800833       2.93761182       1.34923792      0.331689984    
          0.649999976       1.40026295       2.92364097       1.19922841      0.293352604    
          0.660000026       1.27888179       2.90557933       1.06718695      0.264063358    
          0.670000017       1.22826922       2.81970239       1.02510583      0.256564289    
          0.680000007       1.12309039       2.80509496      0.908856094      0.233484581    
          0.689999998       1.07924771       2.72543716      0.873493195      0.230076790    
          0.699999988      0.989126384       2.70989585      0.773479283      0.213243172    
          0.709999979      0.951045811       2.63368011      0.743789434      0.210850880    
          0.720000029      0.873629272       2.61665297      0.657800078      0.198893547    
          0.730000019      0.804083347       2.59706497      0.580860078      0.190308884    
          0.740000010      0.773776472       2.52471471      0.559022129      0.188689545    
          0.750000000      0.713521004       2.50530434      0.492278218      0.183477402    
          0.759999990      0.687012374       2.43280506      0.474030495      0.179347038    
          0.769999981      0.634897351       2.41120195      0.416999340      0.177234173    
          0.779999971      0.611651838       2.34501886      0.401762217      0.176443264    
          0.790000021      0.566319168       2.32250786      0.352636784      0.176073387    
          0.800000012      0.545890033       2.25937533      0.339938313      0.175246552    
          0.810000002      0.506487727       2.23245788      0.298792839      0.176175117    
          0.819999993      0.488490790       2.17184615      0.288192123      0.174889639    
          0.829999983      0.453843921       2.14708948      0.251924723      0.177217647    
          0.839999974      0.437962562       2.08944893      0.243120715      0.176056221    
          0.850000024      0.409290701       2.06499839      0.212857798      0.178425312    
          0.860000014      0.395189762       2.00986171      0.205532506      0.177208826    
          0.870000005      0.368286014       1.98345172      0.178579763      0.180406973    
          0.879999995      0.355796665       1.93090761      0.172529146      0.178874180    
          0.889999986      0.332014829       1.90413952      0.149356231      0.182592556    
          0.899999976      0.320935339       1.85507190      0.144375607      0.181880474    
          0.910000026      0.299849719       1.82874358      0.124400757      0.185916901    
          0.920000017      0.290006042       1.78081834      0.120318912      0.183784887    
          0.930000007      0.272491843       1.75367737      0.103788435      0.185842201    
          0.939999998      0.263693839       1.70704782      0.100438528      0.182586744    
          0.949999988      0.246903494       1.68020976       8.56448933E-02  0.186856106    
          0.959999979      0.239065528       1.63667679       8.29265490E-02  0.184308127    
          0.970000029      0.224054813       1.61635828       7.01594949E-02  0.194497108    
          0.980000019      0.217063591       1.57474840       6.79702535E-02  0.191589758    
          0.990000010      0.204514921       1.54781330       5.76717854E-02  0.194284603    
           1.00000000      0.198244497       1.50821257       5.59032671E-02  0.191217422    
           1.00999999      0.186040118       1.48109150       4.66405153E-02  0.194325924    
           1.01999998      0.180437103       1.44343281       4.52353843E-02  0.191094711    
           1.02999997      0.170271397       1.41779840       3.75276506E-02  0.193280622    
           1.03999996      0.165235862       1.38224661       3.64172645E-02  0.189956024    
           1.04999995      0.155235305       1.35597861       2.95993984E-02  0.192780495    
           1.05999994      0.150728777       1.32189214       2.87395120E-02  0.189428970    
           1.07000005      0.146393999       1.28878784       2.79123876E-02  0.185941771    
           1.08000004      0.138342038       1.26505053       2.24013682E-02  0.187742636    
           1.09000003      0.134438813       1.23346317       2.17687245E-02  0.184064314    
           1.10000002      0.127302185       1.21239066       1.65071636E-02  0.185620308    
           1.11000001      0.123779774       1.18233955       1.60499606E-02  0.181912422    
           1.12000000      0.117099367       1.15962636       1.20019810E-02  0.183217600    
           1.13000000      0.113923013       1.13116348       1.16760386E-02  0.179556206    
           1.13999999      0.107228667       1.10840523       8.13551247E-03  0.181463003    
           1.14999998      0.104378484       1.08138168       7.91895390E-03  0.177742243    
           1.15999997      0.101632498       1.05510676       7.71034276E-03  0.174064681    
           1.16999996       9.62257683E-02   1.03096390       4.85273218E-03  0.171668053    
           1.17999995       9.37467813E-02   1.00574434       4.72753262E-03  0.167851374    
           1.19000006       8.88355374E-02  0.986338139       2.17966735E-03  0.168894961    
           1.20000005       8.65953937E-02  0.957025707       2.12459755E-03  0.176600501    
           1.21000004       7.94522688E-02  0.913255036       5.38243353E-03  0.176724508    
           1.22000003       7.74921030E-02  0.891551733       5.24938619E-03  0.172836304    
           1.23000002       7.56014735E-02  0.870463431       5.12105739E-03  0.169030383    
           1.24000001       7.39229918E-02  0.875571966      -1.58014894E-03  0.169939950    
           1.25000000       7.21598268E-02  0.854997396      -1.54238439E-03  0.166132092    
           1.25999999       6.87994063E-02  0.838308156      -2.99380231E-03  0.165917322    
           1.26999998       6.71960637E-02  0.818618059      -2.92385626E-03  0.162002683    
           1.27999997       6.56485111E-02  0.799652874      -2.85637379E-03  0.158342913    
           1.28999996       6.21891357E-02  0.782929599      -3.96730239E-03  0.158520058    
           1.29999995       6.07909113E-02  0.764865339      -3.87788564E-03  0.154816434    
           1.30999994       5.77551462E-02  0.749191105      -5.07456297E-03  0.153983310    
           1.32000005       5.64881749E-02  0.732076645      -4.96295327E-03  0.150367856    
           1.33000004       5.52645214E-02  0.715438068      -4.85514337E-03  0.146949127    
           1.34000003       5.27229272E-02  0.700371504      -5.65171754E-03  0.145837262    
           1.35000002       5.16097695E-02  0.684608757      -5.53204119E-03  0.142494157    
           1.36000001       4.90018427E-02  0.670894206      -6.28548861E-03  0.142557934    
           1.37000000       4.79940772E-02  0.655973911      -6.15580892E-03  0.139195442    
           1.38000000       4.70201969E-02  0.641442180      -6.03049481E-03  0.135877565    
           1.38999999       4.48140018E-02  0.618659377      -6.47929078E-03  0.125870183    
           1.39999998       4.39292528E-02  0.605081141      -6.35093683E-03  0.122807361    
           1.40999997       4.18908447E-02  0.592812240      -6.74735755E-03  0.122554146    
           1.41999996       4.10868041E-02  0.579996049      -6.61737984E-03  0.119596601    
           1.42999995       4.03094850E-02  0.567534864      -6.49172068E-03  0.116698004    
           1.44000006       3.80320996E-02  0.554495871      -6.57293946E-03  0.116755284    
           1.45000005       3.73334847E-02  0.542677224      -6.45171851E-03  0.113926530    
           1.46000004       3.66579480E-02  0.531246006      -6.33450365E-03  0.111143790    
           1.47000003       3.50068845E-02  0.520977199      -6.64047664E-03  0.110860229    
           1.48000002       3.43927033E-02  0.510159969      -6.52346900E-03  0.108142614    
           1.49000001       3.27595510E-02  0.497436196      -6.66491454E-03  0.112391412    
           1.50000000       3.22028250E-02  0.487258434      -6.55114418E-03  0.109658338    
           1.50999999       3.16644385E-02  0.477369875      -6.44110283E-03  0.106983282    
           1.51999998       3.01806182E-02  0.467876822      -6.55977940E-03  0.106540404    
           1.52999997       2.96926498E-02  0.458523601      -6.45320117E-03  0.103969611    
           1.53999996       2.92207953E-02  0.449426264      -6.35013217E-03  0.101479709    
           1.54999995       2.78701261E-02  0.440722615      -6.44882163E-03  0.101107799    
           1.55999994       2.74425671E-02  0.432166249      -6.34936243E-03   9.86343399E-02
           1.57000005       2.63393316E-02  0.424081951      -6.41893363E-03   9.79045406E-02
           1.58000004       2.59497892E-02  0.415982008      -6.32345164E-03   9.54745635E-02
           1.59000003       2.55731642E-02  0.408111930      -6.23114780E-03   9.30870399E-02
           1.60000002       2.43300069E-02  0.399980545      -6.20089239E-03   9.26080942E-02
           1.61000001       2.39903126E-02  0.392616063      -6.11379230E-03   9.03278366E-02
           1.62000000       2.36619953E-02  0.382945269      -6.02958864E-03   8.79937038E-02
           1.63000000       2.25217361E-02  0.373786777      -5.99505613E-03   8.65454897E-02
           1.63999999       2.22259816E-02  0.367173523      -5.91580430E-03   8.44039097E-02
           1.64999998       2.19402257E-02  0.360726357      -5.83922258E-03   8.23003054E-02
           1.65999997       2.11019665E-02  0.354740024      -5.88133698E-03   8.17307606E-02
           1.66999996       2.08423417E-02  0.348731965      -5.80845028E-03   7.97010437E-02
           1.67999995       2.05916651E-02  0.342919916      -5.73806465E-03   7.77147189E-02
           1.69000006       1.94627400E-02  0.335837752      -5.53387264E-03   7.73370042E-02
           1.70000005       1.92394312E-02  0.327525228      -5.46986982E-03   7.51457587E-02
           1.71000004       1.83681175E-02  0.321189761      -5.34806773E-03   7.52318799E-02
           1.72000003       1.81675274E-02  0.316172123      -5.28917788E-03   7.34385625E-02
           1.73000002       1.79741848E-02  0.311204821      -5.23238117E-03   7.19374046E-02
           1.74000001       1.72394067E-02  0.305703491      -5.18975407E-03   7.13619217E-02
           1.75000000       1.70654822E-02  0.301198989      -5.13690710E-03   6.95471391E-02
           1.75999999       1.68980416E-02  0.296619505      -5.08601731E-03   6.83772564E-02
           1.76999998       1.61450170E-02  0.291407019      -4.97398572E-03   6.76683411E-02
           1.77999997       1.59955565E-02  0.287136048      -4.92745964E-03   6.58208951E-02
           1.78999996       1.58519298E-02  0.282601029      -4.88273427E-03   6.36890903E-02
           1.79999995       1.51218222E-02  0.278624505      -4.84126201E-03   6.35748208E-02
           1.80999994       1.49944201E-02  0.274449140      -4.80000302E-03   6.17755242E-02
           1.82000005       1.48722632E-02  0.270955384      -4.76042740E-03   6.05187230E-02
           1.83000004       1.35067552E-02  0.261721849      -3.97216342E-03   5.94673939E-02
           1.84000003       1.34042380E-02  0.258721173      -3.94162489E-03   5.79693913E-02
           1.85000002       1.33062126E-02  0.255427986      -3.91240558E-03   5.71401305E-02
           1.86000001       1.34618608E-02  0.256796211      -4.54428000E-03   5.67377917E-02
           1.87000000       1.33708986E-02  0.253276914      -4.51311516E-03   5.43823130E-02
           1.88000000       1.32842651E-02  0.250227302      -4.48341481E-03   5.37902303E-02
           1.88999999       1.27099045E-02  0.247226849      -4.38495912E-03   5.35100289E-02
           1.89999998       1.26346340E-02  0.244409680      -4.35854075E-03   5.15188165E-02
           1.90999997       1.25633255E-02  0.242348954      -4.33349237E-03   5.01611121E-02
           1.91999996       1.24959080E-02  0.239844963      -4.30979254E-03   4.88259606E-02
           1.92999995       1.21683711E-02  0.237471879      -4.32843762E-03   4.76047993E-02
           1.94000006       1.21098692E-02  0.235448197      -4.30717552E-03   4.68576662E-02
           1.95000005       1.20550171E-02  0.233741954      -4.28721355E-03   4.59725671E-02
           1.96000004       1.15482314E-02  0.231655315      -4.19433229E-03   4.57150638E-02
           1.97000003       1.15023563E-02  0.230387464      -4.17722436E-03   4.44686003E-02
           1.98000002       1.14598796E-02  0.229245067      -4.16135835E-03   4.32238579E-02
           1.99000001       1.09812059E-02  0.227649912      -4.07117093E-03   4.30606417E-02
           2.00000000       1.09467795E-02  0.226857543      -4.05797223E-03   4.18953001E-02
