          0.100000001       1360.68311       1068.89697       280.284088       183.174637    
          0.109999999       1172.48865       905.621887       261.003448       169.850052    
          0.119999997       929.538391       698.180237       236.556564       154.986694    
          0.129999995       801.171814       590.083923       218.565109       142.244431    
          0.140000001       687.738098       496.050934       200.616638       129.746445    
          0.150000006       542.440613       376.885010       178.343216       114.421509    
          0.159999996       466.427887       316.867065       162.940781       104.287926    
          0.170000002       402.537842       266.421143       149.005646       94.1056519    
          0.180000007       346.018555       222.667068       135.496338       84.6078110    
          0.189999998       298.721832       187.197754       123.391182       76.3603134    
          0.200000003       257.006683       156.433029       112.105408       68.5851135    
          0.209999993       222.124756       131.267532       101.732979       61.4328728    
          0.219999999       191.346603       109.563477       92.1172180       54.8362541    
          0.230000004       165.766068       91.9751358       83.4855270       48.9356880    
          0.239999995       141.767578       75.8972702       75.1273956       43.2556496    
          0.250000000       123.209106       63.7982826       68.0308533       38.4177895    
          0.259999990       105.616249       52.8102150       61.0509453       33.8371773    
          0.270000011       91.1989822       44.0963631       54.9602547       29.8407230    
          0.280000001       78.4648819       36.3938560       49.2843628       26.0249958    
          0.289999992       68.0827713       30.6686096       44.3642998       22.9133053    
          0.300000012       58.8807182       25.8088226       39.7853394       20.0556278    
          0.310000002       50.7805367       21.7666798       35.5959663       17.4837646    
          0.319999993       44.1981392       18.6799641       31.9451351       15.3270311    
          0.330000013       37.8785057       15.9023438       28.3911381       13.2335196    
          0.340000004       32.8051910       13.8304520       25.3582687       11.4859648    
          0.349999994       30.8947697       12.9757223       23.9033298       10.7043791    
          0.360000014       26.8906116       11.4787216       21.3650303       9.29630947    
          0.370000005       23.3240814       10.2770376       19.0353851       8.03848553    
          0.379999995       20.2467728       9.36845112       16.9468269       6.89630556    
          0.389999986       17.5975742       8.62874889       15.0633707       5.93391371    
          0.400000006       16.5727749       8.18029308       14.1955690       5.53066444    
          0.409999996       14.2471342       7.73985720       12.5160637       4.73537350    
          0.419999987       12.5839052       7.38116026       11.2144356       4.14711905    
          0.430000007       10.9840555       7.13270569       9.95003510       3.58752346    
          0.439999998       10.3443956       6.84927940       9.37550068       3.36679268    
          0.449999988       9.03129482       6.69933462       8.29794502       2.92518020    
          0.460000008       7.90130377       6.71138382       7.34640360       2.63268018    
          0.469999999       7.44117165       6.55038452       6.92164421       2.45862651    
          0.479999989       6.52319860       6.52277374       6.12086296       2.17503524    
          0.490000010       5.72273779       6.52827454       5.40387535       1.93824291    
          0.500000000       5.38947058       6.34040833       5.09108448       1.85163975    
          0.509999990       4.74982214       6.38768244       4.50312662       1.67535555    
          0.519999981       4.17329741       6.42421389       3.95950317       1.52673054    
          0.529999971       3.93026280       6.25548506       3.73010659       1.47875655    
          0.540000021       3.47020984       6.29856873       3.28644395       1.38392103    
          0.550000012       3.07300067       6.34347010       2.89583588       1.30209386    
          0.560000002       2.89404225       6.18473673       2.72793484       1.27412319    
          0.569999993       2.56675553       6.22254181       2.40001082       1.21695137    
          0.579999983       2.27419162       6.25714684       2.10309672       1.18044662    
          0.589999974       2.14175200       6.10729742       1.98107946       1.16725981    
          0.600000024       1.90061033       6.14546442       1.73289120       1.15469551    
          0.610000014       1.69666004       6.16574049       1.52020454       1.14252508    
          0.620000005       1.59785414       6.01895380       1.43195677       1.13547194    
          0.629999995       1.42296660       6.03504801       1.24809539       1.13555431    
          0.639999986       1.34009945       5.89457846       1.17561972       1.13189888    
          0.649999976       1.19704473       5.89570999       1.02518594       1.13905299    
          0.660000026       1.07233810       5.88681173      0.894832611       1.15116537    
          0.670000017       1.00988996       5.74832106      0.842847824       1.14525664    
          0.680000007      0.905217171       5.73385477      0.732542992       1.15957677    
          0.689999998      0.852501452       5.59866905      0.689975321       1.15549433    
          0.699999988      0.765491664       5.57574415      0.598600864       1.17146111    
          0.709999979      0.720912457       5.44682312      0.563807905       1.16737270    
          0.720000029      0.648454428       5.41668844      0.488254428       1.18400419    
          0.730000019      0.584255755       5.37976074      0.422059298       1.20113182    
          0.740000010      0.550231278       5.25547838      0.397519797       1.19591427    
          0.750000000      0.496412843       5.21474552      0.342489123       1.21157455    
          0.759999990      0.467504114       5.09359312      0.322572351       1.20481598    
          0.769999981      0.422461718       5.04632902      0.277471989       1.21972656    
          0.779999971      0.397859424       4.92857504      0.261333108       1.21248949    
          0.790000021      0.360003322       4.87721825      0.224167630       1.22585487    
          0.800000012      0.339038372       4.76343393      0.211127028       1.21734285    
          0.810000002      0.307248205       4.70534372      0.181255266       1.22828388    
          0.819999993      0.289355487       4.59573507      0.170709416       1.21818650    
          0.829999983      0.262431175       4.53796005      0.145673200       1.22729743    
          0.839999974      0.247148395       4.43218994      0.137196407       1.21639812    
          0.850000024      0.225342467       4.37295485      0.117192768       1.22148752    
          0.860000014      0.212219596       4.27099085      0.110372365       1.20926416    
          0.870000005      0.192846656       4.20998144       9.35102403E-02   1.21323073    
          0.879999995      0.181616113       4.11162710       8.80673602E-02   1.20047414    
          0.889999986      0.165163383       4.04951477       7.42984265E-02   1.20364189    
          0.899999976      0.155544981       3.95657277       6.99733049E-02   1.19127548    
          0.910000026      0.141547829       3.89465022       5.87249398E-02   1.19264638    
          0.920000017      0.133304611       3.80376124       5.53059727E-02   1.17788267    
          0.930000007      0.121929705       3.74109340       4.64413613E-02   1.17600119    
          0.939999998      0.114828952       3.65205455       4.37372774E-02   1.15887117    
          0.949999988      0.104605228       3.58968544       3.62850390E-02   1.15709460    
          0.959999979       9.85134467E-02   3.50605965       3.41721326E-02   1.14128315    
          0.970000029       8.97767320E-02   3.44734955       2.81122774E-02   1.14019930    
          0.980000019       8.45485255E-02   3.36703801       2.64751222E-02   1.12382853    
          0.990000010       7.74162486E-02   3.30448413       2.18308438E-02   1.11773646    
           1.00000000       7.29078725E-02   3.22757912       2.05593985E-02   1.10108149    
           1.00999999       6.64545074E-02   3.16664100       1.66602340E-02   1.09448719    
           1.01999998       6.25845119E-02   3.09267116       1.56898666E-02   1.07747972    
           1.02999997       5.73302805E-02   3.03315473       1.26355393E-02   1.06938660    
           1.03999996       5.39916269E-02   2.96348476       1.18995234E-02   1.05278158    
           1.04999995       4.92119826E-02   2.90454102       9.38346237E-03   1.04451239    
           1.05999994       4.63461019E-02   2.83723044       8.83683283E-03   1.02746928    
           1.07000005       4.36471254E-02   2.77188373       8.32203310E-03   1.01002347    
           1.08000004       3.99834365E-02   2.71691251       6.47441298E-03   1.00010407    
           1.09000003       3.76549661E-02   2.65401530       6.09719986E-03  0.983332694    
           1.10000002       3.45448889E-02   2.60247779       4.47940314E-03  0.973393261    
           1.11000001       3.25331688E-02   2.54221940       4.21843072E-03  0.956701994    
           1.12000000       2.98014972E-02   2.49074531       3.05447355E-03  0.945675135    
           1.13000000       2.80660018E-02   2.43334198       2.87650269E-03  0.929181874    
           1.13999999       2.55648792E-02   2.38309431       1.93962827E-03  0.918777466    
           1.14999998       2.40760911E-02   2.32809067       1.82659796E-03  0.902441204    
           1.15999997       2.26740148E-02   2.27414775       1.72016397E-03  0.885758579    
           1.16999996       2.07580272E-02   2.22694850       1.04684138E-03  0.874538720    
           1.17999995       1.95491780E-02   2.17547727       9.85840918E-04  0.858459175    
           1.19000006       1.79025270E-02   2.13001132       4.39257681E-04  0.846895874    
           1.20000005       1.68599579E-02   2.08124995       4.13654983E-04  0.831403911    
           1.21000004       1.49410367E-02   2.02149796       1.01216941E-03  0.817057788    
           1.22000003       1.40709383E-02   1.97560823       9.53176990E-04  0.801900566    
           1.23000002       1.32515095E-02   1.93077946       8.97623599E-04  0.787077129    
           1.24000001       1.25043718E-02   1.90378416      -2.67288327E-04  0.778466046    
           1.25000000       1.17761781E-02   1.86048412      -2.51710415E-04  0.763700902    
           1.25999999       1.08292438E-02   1.82094669      -4.71232459E-04  0.752002299    
           1.26999998       1.01985997E-02   1.77954924      -4.43765282E-04  0.737731040    
           1.27999997       9.60467849E-03   1.73921812      -4.17900592E-04  0.723567009    
           1.28999996       8.76824092E-03   1.70178664      -5.59362874E-04  0.712433100    
           1.29999995       8.25761631E-03   1.66121101      -5.26757911E-04  0.702784240    
           1.30999994       7.55619397E-03   1.62610328      -6.63913146E-04  0.691743433    
           1.32000005       7.11615430E-03   1.58942163      -6.25213317E-04  0.678129852    
           1.33000004       6.70174276E-03   1.55361986      -5.88766590E-04  0.664760590    
           1.34000003       6.15279516E-03   1.52005231      -6.59558631E-04  0.653416634    
           1.35000002       5.79448650E-03   1.48588097      -6.21109910E-04  0.640445709    
           1.36000001       5.29156066E-03   1.45402443      -6.78751327E-04  0.629824281    
           1.37000000       4.98340419E-03   1.42120826      -6.39180013E-04  0.617246926    
           1.38000000       4.69319429E-03   1.38936329      -6.01917796E-04  0.604890585    
           1.38999999       4.29854868E-03   1.35905039      -6.21491752E-04  0.594177902    
           1.39999998       4.04821848E-03   1.32866716      -5.85258647E-04  0.582220495    
           1.40999997       3.70774209E-03   1.29984784      -5.97206119E-04  0.571918428    
           1.41999996       3.49182077E-03   1.27084553      -5.62387810E-04  0.560345232    
           1.42999995       3.28847580E-03   1.24237597      -5.29599085E-04  0.548842192    
           1.44000006       2.97750602E-03   1.21484149      -5.14590822E-04  0.539004683    
           1.45000005       2.80410796E-03   1.18754327      -4.84586839E-04  0.527950943    
           1.46000004       2.64080870E-03   1.16109955      -4.56332375E-04  0.517194510    
           1.47000003       2.41809455E-03   1.13603079      -4.58689727E-04  0.507771492    
           1.48000002       2.27727671E-03   1.11085761      -4.31944762E-04  0.497377962    
           1.49000001       2.07871501E-03   1.08663845      -4.22913727E-04  0.488168329    
           1.50000000       1.95765914E-03   1.06261635      -3.98254022E-04  0.478143334    
           1.50999999       1.84365467E-03   1.03914940      -3.75031814E-04  0.468311161    
           1.51999998       1.68259256E-03   1.01655102      -3.65712680E-04  0.459537715    
           1.52999997       1.58460531E-03  0.994102955      -3.44387401E-04  0.450142592    
           1.53999996       1.49232429E-03  0.972218215      -3.24305292E-04  0.440846533    
           1.54999995       1.36172271E-03  0.951049626      -3.15086916E-04  0.432420880    
           1.55999994       1.28242292E-03  0.929972947      -2.96713086E-04  0.423280567    
           1.57000005       1.17691827E-03  0.909680665      -2.86816852E-04  0.415390372    
           1.58000004       1.10837969E-03  0.889736474      -2.70090386E-04  0.406763643    
           1.59000003       1.04383298E-03  0.870198190      -2.54339917E-04  0.398258597    
           1.60000002       9.48766072E-04  0.851232827      -2.41808244E-04  0.390560865    
           1.61000001       8.93513614E-04  0.832629859      -2.27706783E-04  0.382424682    
           1.62000000       8.41479108E-04  0.798944414      -2.14427171E-04  0.371892840    
           1.63000000       7.64538709E-04  0.779294193      -2.03512376E-04  0.363080412    
           1.63999999       7.20015785E-04  0.758737087      -1.91643878E-04  0.362467378    
           1.64999998       6.78085082E-04  0.741987407      -1.80467105E-04  0.354758263    
           1.65999997       6.22022955E-04  0.725978374      -1.73364300E-04  0.347704649    
           1.66999996       5.85799513E-04  0.710198879      -1.63253586E-04  0.340424538    
           1.67999995       5.51685516E-04  0.694779098      -1.53732486E-04  0.333294898    
           1.69000006       4.96911991E-04  0.679528713      -1.41287790E-04  0.326654017    
           1.70000005       4.67974023E-04  0.660636127      -1.33047448E-04  0.320127100    
           1.71000004       4.25526290E-04  0.646275342      -1.23896345E-04  0.313682884    
           1.72000003       4.00745572E-04  0.632306039      -1.16670468E-04  0.307088673    
           1.73000002       3.77408374E-04  0.618652880      -1.09865658E-04  0.300632060    
           1.74000001       3.44470347E-04  0.602084935      -1.03699451E-04  0.292950898    
           1.75000000       3.24409833E-04  0.589021444      -9.76511146E-05  0.286696851    
           1.75999999       3.05517839E-04  0.576337397      -9.19555532E-05  0.280659854    
           1.76999998       2.77550280E-04  0.563815057      -8.55081671E-05  0.274892539    
           1.77999997       2.61386973E-04  0.551699221      -8.05207310E-05  0.269098788    
           1.78999996       2.46164855E-04  0.539799750      -7.58240712E-05  0.263371140    
           1.79999995       2.23093186E-04  0.528259277      -7.14234266E-05  0.258074552    
           1.80999994       2.10101323E-04  0.516939223      -6.72574897E-05  0.252628684    
           1.82000005       1.97865869E-04  0.505871534      -6.33344243E-05  0.247296944    
           1.83000004       1.70576081E-04  0.493968576      -5.01642535E-05  0.241810456    
           1.84000003       1.60642550E-04  0.483427197      -4.72382526E-05  0.236707211    
           1.85000002       1.51287546E-04  0.467183381      -4.44828293E-05  0.225774691    
           1.86000001       1.45165061E-04  0.457899094      -4.90029342E-05  0.221352875    
           1.87000000       1.36711271E-04  0.448143244      -4.61445125E-05  0.216677025    
           1.88000000       1.28749874E-04  0.438603550      -4.34528483E-05  0.212099716    
           1.88999999       1.16733492E-04  0.429247141      -4.02734477E-05  0.207753345    
           1.89999998       1.09935434E-04  0.420126915      -3.79241646E-05  0.203362033    
           1.90999997       1.03533210E-04  0.411209494      -3.57119243E-05  0.199064180    
           1.91999996       9.75039802E-05  0.402488023      -3.36287594E-05  0.194856718    
           1.92999995       8.98761573E-05  0.394019932      -3.19700448E-05  0.190851688    
           1.94000006       8.46420517E-05  0.385677367      -3.01050459E-05  0.186816350    
           1.95000005       7.97128450E-05  0.377518535      -2.83488826E-05  0.182866558    
           1.96000004       7.22217956E-05  0.369519234      -2.62310496E-05  0.179101899    
           1.97000003       6.80159646E-05  0.361716896      -2.47008484E-05  0.175314113    
           1.98000002       6.40550352E-05  0.354085684      -2.32599268E-05  0.171606585    
           1.99000001       5.80030610E-05  0.346604466      -2.15040545E-05  0.168067679    
           2.00000000       5.46251977E-05  0.339305609      -2.02495721E-05  0.164512679    
