          0.100000001       1360.68311       1258.12805       280.284088       245.399979    
          0.109999999       1172.48865       1078.35583       261.003448       228.153030    
          0.119999997       929.538391       847.376526       236.556564       206.969528    
          0.129999995       801.171814       726.150696       218.565109       191.047653    
          0.140000001       687.738098       619.341858       200.616638       175.011353    
          0.150000006       542.440613       482.868073       178.343216       155.106323    
          0.159999996       466.427887       411.973785       162.940781       141.193130    
          0.170000002       402.537842       352.666412       149.005646       128.552139    
          0.180000007       346.018555       300.495575       135.496338       116.427635    
          0.189999998       298.721832       257.247467       123.391182       105.659508    
          0.200000003       257.006683       219.283920       112.105408       95.5912857    
          0.209999993       222.124756       187.727585       101.732979       86.3262329    
          0.219999999       191.346603       160.084045       92.1172180       77.7752914    
          0.230000004       165.766068       137.257797       83.4855270       70.0939713    
          0.239999995       141.767578       115.993935       75.1273956       62.6746101    
          0.250000000       123.209106       99.6672974       68.0308533       56.3623772    
          0.259999990       105.616249       84.3678589       61.0509453       50.2274132    
          0.270000011       91.1989822       71.9468307       54.9602547       44.8555870    
          0.280000001       78.4648819       61.1398888       49.2843628       39.9536858    
          0.289999992       68.0827713       52.3727837       44.3642998       35.6671028    
          0.300000012       58.8807182       44.6694183       39.7853394       31.6787548    
          0.310000002       50.7805367       37.9864998       35.5959663       28.0617123    
          0.319999993       44.1981392       32.5880089       31.9451351       24.8955307    
          0.330000013       37.8785057       27.5258579       28.3911381       21.8710327    
          0.340000004       32.8051910       23.5153255       25.3582687       19.2995987    
          0.349999994       30.8947697       21.9866791       23.9033298       18.0877666    
          0.360000014       26.8906116       18.8826351       21.3650303       15.9582329    
          0.370000005       23.3240814       16.1669731       19.0353851       14.0168571    
          0.379999995       20.2467728       13.8676195       16.9468269       12.2897873    
          0.389999986       17.5975742       11.9043007       15.0633707       10.7316742    
          0.400000006       16.5727749       11.1350670       14.1955690       10.0494919    
          0.409999996       14.2471342       9.50617695       12.5160637       8.70032883    
          0.419999987       12.5839052       8.33373547       11.2144356       7.66181517    
          0.430000007       10.9840555       7.24209452       9.95003510       6.65890503    
          0.439999998       10.3443956       6.77583694       9.37550068       6.22693300    
          0.449999988       9.03129482       5.90490532       8.29794502       5.38611984    
          0.460000008       7.90130377       5.17822027       7.34640360       4.64968014    
          0.469999999       7.44117165       4.83731890       6.92164421       4.32191277    
          0.479999989       6.52319860       4.26041746       6.12086296       3.70974994    
          0.490000010       5.72273779       3.78069019       5.40387535       3.17746925    
          0.500000000       5.38947058       3.54950643       5.09108448       2.96792483    
          0.509999990       4.74982214       3.18710017       4.50312662       2.53617787    
          0.519999981       4.17329741       2.86094642       3.95950317       2.15140510    
          0.529999971       3.93026280       2.68935132       3.73010659       2.00399113    
          0.540000021       3.47020984       2.44310045       3.28644395       1.69843006    
          0.550000012       3.07300067       2.23617625       2.89583588       1.43532932    
          0.560000002       2.89404225       2.10813737       2.72793484       1.33485413    
          0.569999993       2.56675553       1.94641590       2.40001082       1.11295116    
          0.579999983       2.27419162       1.80491078       2.10309672      0.922771215    
          0.589999974       2.14175200       1.70716178       1.98107946      0.856161416    
          0.600000024       1.90061033       1.60065711       1.73289120      0.707282603    
          0.610000014       1.69666004       1.51033497       1.52020454      0.580066144    
          0.620000005       1.59785414       1.43389595       1.43195677      0.537235022    
          0.629999995       1.42296660       1.35978317       1.24809539      0.432446331    
          0.639999986       1.34009945       1.29374373       1.17561972      0.399956137    
          0.649999976       1.19704473       1.23373604       1.02518594      0.318511397    
          0.660000026       1.07233810       1.17524695      0.894832611      0.262486011    
          0.670000017       1.00988996       1.11903465      0.842847824      0.240167931    
          0.680000007      0.905217171       1.07762229      0.732542992      0.187093854    
          0.689999998      0.852501452       1.03049266      0.689975321      0.173125625    
          0.699999988      0.765491664      0.996592820      0.598600864      0.132406235    
          0.709999979      0.720912457      0.954590261      0.563807905      0.122641720    
          0.720000029      0.648454428      0.926613331      0.488254428       9.20957699E-02
          0.730000019      0.584255755      0.901000559      0.422059298       6.74742088E-02
          0.740000010      0.550231278      0.865394175      0.397519797       6.31330833E-02
          0.750000000      0.496412843      0.844060361      0.342489123       4.51373272E-02
          0.759999990      0.467504114      0.811834514      0.322572351       4.28512879E-02
          0.769999981      0.422461718      0.792994678      0.277471989       3.04026604E-02
          0.779999971      0.397859424      0.763687432      0.261333108       2.96186600E-02
          0.790000021      0.360003322      0.746978760      0.224167630       2.12206449E-02
          0.800000012      0.339038372      0.720222950      0.211127028       2.15386152E-02
          0.810000002      0.307248205      0.704217255      0.181255266       1.68391075E-02
          0.819999993      0.289355487      0.679649353      0.170709416       1.78115368E-02
          0.829999983      0.262431175      0.665885925      0.145673200       1.52249737E-02
          0.839999974      0.247148395      0.643278122      0.137196407       1.66945457E-02
          0.850000024      0.225342467      0.626148403      0.117192768       1.05380220E-02
          0.860000014      0.212219596      0.605292141      0.110372365       1.23666124E-02
          0.870000005      0.192846656      0.593125463       9.35102403E-02   1.27086639E-02
          0.879999995      0.181616113      0.573822677       8.80673602E-02   1.46809416E-02
          0.889999986      0.165163383      0.562357843       7.42984265E-02   1.60342064E-02
          0.899999976      0.155544981      0.544447303       6.99733049E-02   1.80324707E-02
          0.910000026      0.141547829      0.533667505       5.87249398E-02   2.00539827E-02
          0.920000017      0.133304611      0.517008662       5.53059727E-02   2.19936762E-02
          0.930000007      0.121929705      0.506959736       4.64413613E-02   2.41235290E-02
          0.939999998      0.114828952      0.491417319       4.37372774E-02   2.59539280E-02
          0.949999988      0.104605228      0.481503338       3.62850390E-02   2.87018213E-02
          0.959999979       9.85134467E-02  0.466997236       3.41721326E-02   3.03697381E-02
          0.970000029       8.97767320E-02  0.457258672       2.81122774E-02   3.29298973E-02
          0.980000019       8.45485255E-02  0.443710357       2.64751222E-02   3.44227739E-02
          0.990000010       7.74162486E-02  0.434624285       2.18308438E-02   3.70643139E-02
           1.00000000       7.29078725E-02  0.421935290       2.05593985E-02   3.83573361E-02
           1.00999999       6.64545074E-02  0.412986785       1.66602340E-02   4.11684327E-02
           1.01999998       6.25845119E-02  0.398938656       1.56898666E-02   4.65806313E-02
           1.02999997       5.73302805E-02  0.390704304       1.26355393E-02   4.88583855E-02
           1.03999996       5.39916269E-02  0.379887968       1.18995234E-02   4.95817661E-02
           1.04999995       4.92119826E-02  0.371419549       9.38346237E-03   5.19146919E-02
           1.05999994       4.63461019E-02  0.361030966       8.83683283E-03   5.24330139E-02
           1.07000005       4.36471254E-02  0.350996017       8.32203310E-03   5.28789945E-02
           1.08000004       3.99834365E-02  0.343621403       6.47441298E-03   5.47073297E-02
           1.09000003       3.76549661E-02  0.334177494       6.09719986E-03   5.49859218E-02
           1.10000002       3.45448889E-02  0.327647835       4.47940314E-03   5.66318817E-02
           1.11000001       3.25331688E-02  0.318730503       4.21843072E-03   5.67560010E-02
           1.12000000       2.98014972E-02  0.311869174       3.05447355E-03   5.82017489E-02
           1.13000000       2.80660018E-02  0.303467005       2.87650269E-03   5.81804514E-02
           1.13999999       2.55648792E-02  0.296682477       1.93962827E-03   5.96056767E-02
           1.14999998       2.40760911E-02  0.288771391       1.82659796E-03   5.94447851E-02
           1.15999997       2.26740148E-02  0.280869156       1.72016397E-03   5.97256236E-02
           1.16999996       2.07580272E-02  0.274718136       1.04684138E-03   6.06941581E-02
           1.17999995       1.95491780E-02  0.267478943       9.85840918E-04   6.03652298E-02
           1.19000006       1.79025270E-02  0.261684150       4.39257681E-04   6.11693375E-02
           1.20000005       1.68599579E-02  0.254860759       4.13654983E-04   6.07425161E-02
           1.21000004       1.49410367E-02  0.243649825       1.01216941E-03   6.09197430E-02
           1.22000003       1.40709383E-02  0.237133622       9.53176990E-04   6.10109083E-02
           1.23000002       1.32515095E-02  0.231111899       8.97623599E-04   6.04613014E-02
           1.24000001       1.25043718E-02  0.230830431      -2.67288327E-04   6.13229685E-02
           1.25000000       1.17761781E-02  0.224933341      -2.51710415E-04   6.07000776E-02
           1.25999999       1.08292438E-02  0.219615325      -4.71232459E-04   6.04994781E-02
           1.26999998       1.01985997E-02  0.213919297      -4.43765282E-04   6.00752421E-02
           1.27999997       9.60467849E-03  0.208512306      -4.17900592E-04   5.93867898E-02
           1.28999996       8.76824092E-03  0.203725338      -5.59362874E-04   5.95033355E-02
           1.29999995       8.25761631E-03  0.198613778      -5.26757911E-04   5.87662645E-02
           1.30999994       7.55619397E-03  0.194095179      -6.63913146E-04   5.92072494E-02
           1.32000005       7.11615430E-03  0.189254448      -6.25213317E-04   5.84208257E-02
           1.33000004       6.70174276E-03  0.183966234      -5.88766590E-04   5.74181490E-02
           1.34000003       6.15279516E-03  0.179836795      -6.59558631E-04   5.72309680E-02
           1.35000002       5.79448650E-03  0.175393596      -6.21109910E-04   5.64200766E-02
           1.36000001       5.29156066E-03  0.171465024      -6.78751327E-04   5.62514216E-02
           1.37000000       4.98340419E-03  0.167254075      -6.39180013E-04   5.54172210E-02
           1.38000000       4.69319429E-03  0.162971124      -6.01917796E-04   5.43965735E-02
           1.38999999       4.29854868E-03  0.159218714      -6.21491752E-04   5.40531687E-02
           1.39999998       4.04821848E-03  0.155344129      -5.85258647E-04   5.32133691E-02
           1.40999997       3.70774209E-03  0.151789501      -5.97206119E-04   5.28261177E-02
           1.41999996       3.49182077E-03  0.147813603      -5.62387810E-04   5.16757369E-02
           1.42999995       3.28847580E-03  0.144246832      -5.29599085E-04   5.08412570E-02
           1.44000006       2.97750602E-03  0.140545174      -5.14590822E-04   5.02445288E-02
           1.45000005       2.80410796E-03  0.137171090      -4.84586839E-04   4.94104773E-02
           1.46000004       2.64080870E-03  0.133891761      -4.56332375E-04   4.85843904E-02
           1.47000003       2.41809455E-03  0.130880311      -4.58689727E-04   4.81237285E-02
           1.48000002       2.27727671E-03  0.127766773      -4.31944762E-04   4.73000519E-02
           1.49000001       2.07871501E-03  0.124812089      -4.22913727E-04   4.68000583E-02
           1.50000000       1.95765914E-03  0.121858537      -3.98254022E-04   4.59822267E-02
           1.50999999       1.84365467E-03  0.118982397      -3.75031814E-04   4.51742746E-02
           1.51999998       1.68259256E-03  0.116253652      -3.65712680E-04   4.46563177E-02
           1.52999997       1.58460531E-03  0.113523185      -3.44387401E-04   4.38572951E-02
           1.53999996       1.49232429E-03  0.110863380      -3.24305292E-04   4.30688523E-02
           1.54999995       1.36172271E-03  0.108340241      -3.15086916E-04   4.25402969E-02
           1.55999994       1.28242292E-03  0.105813749      -2.96713086E-04   4.17634100E-02
           1.57000005       1.17691827E-03  0.103417344      -2.86816852E-04   4.11920361E-02
           1.58000004       1.10837969E-03  0.101016283      -2.70090386E-04   4.04297337E-02
           1.59000003       1.04383298E-03   9.86761525E-02  -2.54339917E-04   3.96787710E-02
           1.60000002       9.48766072E-04   9.63963643E-02  -2.41808244E-04   3.91319059E-02
           1.61000001       8.93513614E-04   9.41737294E-02  -2.27706783E-04   3.83959971E-02
           1.62000000       8.41479108E-04   9.17473137E-02  -2.14427171E-04   3.76882404E-02
           1.63000000       7.64538709E-04   8.90338793E-02  -2.03512376E-04   3.67477424E-02
           1.63999999       7.20015785E-04   8.69933069E-02  -1.91643878E-04   3.60474922E-02
           1.64999998       6.78085082E-04   8.49994197E-02  -1.80467105E-04   3.53583507E-02
           1.65999997       6.22022955E-04   8.31090808E-02  -1.73364300E-04   3.48168090E-02
           1.66999996       5.85799513E-04   8.12152699E-02  -1.63253586E-04   3.41453403E-02
           1.67999995       5.51685516E-04   7.93683305E-02  -1.53732486E-04   3.34853157E-02
           1.69000006       4.96911991E-04   7.74914548E-02  -1.41287790E-04   3.29526812E-02
           1.70000005       4.67974023E-04   7.47989640E-02  -1.33047448E-04   3.20965946E-02
           1.71000004       4.25526290E-04   7.30768964E-02  -1.23896345E-04   3.15623768E-02
           1.72000003       4.00745572E-04   7.14294836E-02  -1.16670468E-04   3.09417397E-02
           1.73000002       3.77408374E-04   6.98222369E-02  -1.09865658E-04   3.03322673E-02
           1.74000001       3.44470347E-04   6.81972206E-02  -1.03699451E-04   2.98274755E-02
           1.75000000       3.24409833E-04   6.66682720E-02  -9.76511146E-05   2.92361081E-02
           1.75999999       3.05517839E-04   6.51760623E-02  -9.19555532E-05   2.86555197E-02
           1.76999998       2.77550280E-04   6.36966750E-02  -8.55081671E-05   2.81591062E-02
           1.77999997       2.61386973E-04   6.22765422E-02  -8.05207310E-05   2.75967959E-02
           1.78999996       2.46164855E-04   6.08903803E-02  -7.58240712E-05   2.70449575E-02
           1.79999995       2.23093186E-04   5.95440865E-02  -7.14234266E-05   2.65887529E-02
           1.80999994       2.10101323E-04   5.82231693E-02  -6.72574897E-05   2.60540470E-02
           1.82000005       1.97865869E-04   5.69335707E-02  -6.33344243E-05   2.55294591E-02
           1.83000004       1.70576081E-04   5.54068275E-02  -5.01642535E-05   2.50125173E-02
           1.84000003       1.60642550E-04   5.41885346E-02  -4.72382526E-05   2.45077461E-02
           1.85000002       1.51287546E-04   5.29988222E-02  -4.44828293E-05   2.40126532E-02
           1.86000001       1.45165061E-04   5.20608015E-02  -4.90029342E-05   2.36360487E-02
           1.87000000       1.36711271E-04   5.08804470E-02  -4.61445125E-05   2.31189411E-02
           1.88000000       1.28749874E-04   4.97411788E-02  -4.34528483E-05   2.26950739E-02
           1.88999999       1.16733492E-04   4.85934466E-02  -4.02734477E-05   2.22324673E-02
           1.89999998       1.09935434E-04   4.74831052E-02  -3.79241646E-05   2.18176898E-02
           1.90999997       1.03533210E-04   4.64161374E-02  -3.57119243E-05   2.13418137E-02
           1.91999996       9.75039802E-05   4.53735925E-02  -3.36287594E-05   2.09103320E-02
           1.92999995       8.98761573E-05   4.43736427E-02  -3.19700448E-05   2.05816161E-02
           1.94000006       8.46420517E-05   4.34085615E-02  -3.01050459E-05   2.01597847E-02
           1.95000005       7.97128450E-05   4.24657613E-02  -2.83488826E-05   1.97463427E-02
           1.96000004       7.22217956E-05   4.15359437E-02  -2.62310496E-05   1.93751976E-02
           1.97000003       6.80159646E-05   4.06365655E-02  -2.47008484E-05   1.89768020E-02
           1.98000002       6.40550352E-05   3.97578180E-02  -2.32599268E-05   1.85864065E-02
           1.99000001       5.80030610E-05   3.88916619E-02  -2.15040545E-05   1.82340015E-02
           2.00000000       5.46251977E-05   3.80531140E-02  -2.02495721E-05   1.78580098E-02
