          0.100000001       845.600403       680.530762       174.183395       124.965370    
          0.109999999       731.522766       580.821777       162.841675       116.511047    
          0.119999997       582.397034       451.899414       148.213181       106.262695    
          0.129999995       504.233734       385.730225       137.558395       98.4812622    
          0.140000001       434.915863       327.136810       126.867149       90.1826706    
          0.150000006       344.771881       251.989456       113.353874       80.4033432    
          0.159999996       298.046051       213.712158       104.118721       73.3800735    
          0.170000002       258.670135       181.848709       95.7507858       66.9912491    
          0.180000007       223.666748       153.960159       87.5849838       60.7905464    
          0.189999998       194.291092       131.165161       80.2546310       55.3116455    
          0.200000003       168.242523       111.194618       73.3867874       50.1565132    
          0.209999993       146.391373       94.7023315       67.0471420       45.3909645    
          0.219999999       126.995422       80.3310776       61.1375694       40.9773903    
          0.230000004       110.823845       68.5577164       55.8147240       37.0150490    
          0.239999995       95.5006943       57.5869026       50.6090088       33.1320190    
          0.250000000       83.6538315       49.2762566       46.1901054       29.8631439    
          0.259999990       72.2951508       41.5291328       41.7898560       26.6343536    
          0.270000011       62.9542503       35.3057747       37.9388237       23.8241367    
          0.280000001       54.6372490       29.7260761       34.3180504       21.1367989    
          0.289999992       47.8355408       25.4660816       31.1707325       18.8978214    
          0.300000012       41.7549553       21.7444820       28.2135677       16.8031006    
          0.310000002       36.3559456       18.5555668       25.4846592       14.8858576    
          0.319999993       31.9555969       16.0654335       23.0965786       13.1540756    
          0.330000013       27.6644516       13.6991682       20.7353840       11.5336533    
          0.340000004       24.2091618       11.8695297       18.7135792       10.1706457    
          0.349999994       23.0436764       11.2445726       17.8289280       9.64894199    
          0.360000014       20.2777061       9.84347343       16.1109695       8.51486206    
          0.370000005       17.7866993       8.63790226       14.5161867       7.47084999    
          0.379999995       15.6185579       7.63618851       13.0729475       6.53624725    
          0.389999986       13.7358017       6.84168673       11.7577286       5.74284506    
          0.400000006       13.0928421       6.50237131       11.2147989       5.44411087    
          0.409999996       11.3952894       5.84160805       10.0107279       4.69607592    
          0.419999987       10.1928177       5.34756231       9.08356285       4.13612890    
          0.430000007       9.01246929       4.91120052       8.16405010       3.58303070    
          0.439999998       8.60023689       4.68553782       7.79470634       3.40001321    
          0.449999988       7.61028147       4.33936930       6.99231958       2.93122673    
          0.460000008       6.75020361       4.06755686       6.27614450       2.51849437    
          0.469999999       6.44685698       3.90661263       5.99675131       2.35988760    
          0.479999989       5.73294401       3.68859935       5.37935019       2.01336694    
          0.490000010       5.10332251       3.51704669       4.81897306       1.71218574    
          0.500000000       4.87807798       3.37635684       4.60800505       1.62985575    
          0.509999990       4.36470795       3.25550628       4.13801432       1.38450968    
          0.519999981       3.89452100       3.14221859       3.69500828       1.15947831    
          0.529999971       3.72575951       3.02055001       3.53601813       1.10343158    
          0.540000021       3.34263682       2.93600774       3.16562629      0.928905189    
          0.550000012       3.00855255       2.86822581       2.83510327      0.771496773    
          0.560000002       2.88059974       2.76220703       2.71526408      0.735175610    
          0.569999993       2.59817004       2.70645213       2.42938447      0.605765820    
          0.579999983       2.34172797       2.65572166       2.16555238      0.493437439    
          0.589999974       2.24401975       2.56076431       2.07567501      0.471086651    
          0.600000024       2.02684307       2.52308154       1.84798443      0.381832600    
          0.610000014       1.84210014       2.48910379       1.65051854      0.305625916    
          0.620000005       1.76672280       2.40313554       1.58329260      0.293049961    
          0.629999995       1.60273015       2.37337947       1.40576744      0.228758335    
          0.639999986       1.53800833       2.29272485       1.34923792      0.219655514    
          0.649999976       1.40026295       2.26353955       1.19922841      0.169741631    
          0.660000026       1.27888179       2.23199511       1.06718695      0.129199982    
          0.670000017       1.22826922       2.15607953       1.02510583      0.123530708    
          0.680000007       1.12309039       2.13012075      0.908856094       9.07095298E-02
          0.689999998       1.07924771       2.05964470      0.873493195       8.85099545E-02
          0.699999988      0.989126384       2.03048444      0.773479283       5.84666729E-02
          0.709999979      0.951045811       1.96393239      0.743789434       5.79710789E-02
          0.720000029      0.873629272       1.94010639      0.657800078       3.87658291E-02
          0.730000019      0.804083347       1.91538000      0.580860078       2.39302311E-02
          0.740000010      0.773776472       1.85353410      0.559022129       2.49015484E-02
          0.750000000      0.713521004       1.82994950      0.492278218       1.37349768E-02
          0.759999990      0.687012374       1.77144396      0.474030495       1.52467089E-02
          0.769999981      0.634897351       1.74739933      0.416999340       7.73843145E-03
          0.779999971      0.611651838       1.69192314      0.401762217       9.34116077E-03
          0.790000021      0.566319168       1.66808999      0.352636784       4.50674677E-03
          0.800000012      0.545890033       1.61521053      0.339938313       5.89187955E-03
          0.810000002      0.506487727       1.58916128      0.298792839       3.73681379E-03
          0.819999993      0.488490790       1.53936088      0.288192123       5.57255745E-03
          0.829999983      0.453843921       1.51523173      0.251924723       4.47193766E-03
          0.839999974      0.437962562       1.46799374      0.243120715       5.94727183E-03
          0.850000024      0.409290701       1.44503415      0.212857798       5.13807917E-03
          0.860000014      0.395189762       1.40047491      0.205532506       6.68088580E-03
          0.870000005      0.368286014       1.37508917      0.178579763       6.27605105E-03
          0.879999995      0.355796665       1.33286059      0.172529146       7.58814812E-03
          0.889999986      0.332014829       1.30945718      0.149356231       9.71110631E-03
          0.899999976      0.320935339       1.26997614      0.144375607       1.12323761E-02
          0.910000026      0.299849719       1.24704611      0.124400757       1.39487581E-02
          0.920000017      0.290006042       1.20922029      0.120318912       1.48050785E-02
          0.930000007      0.272491843       1.18718624      0.103788435       1.73535347E-02
          0.939999998      0.263693839       1.15099728      0.100438528       1.78014431E-02
          0.949999988      0.246903494       1.13557398       8.56448933E-02   2.79642735E-02
          0.959999979      0.239065528       1.10168254       8.29265490E-02   2.83144321E-02
          0.970000029      0.224054813       1.07919371       7.01594949E-02   3.09389438E-02
          0.980000019      0.217063591       1.04683065       6.79702535E-02   3.09168492E-02
          0.990000010      0.204514921       1.02510381       5.76717854E-02   3.33442688E-02
           1.00000000      0.198244497      0.989053428       5.59032671E-02   4.44762707E-02
           1.00999999      0.186040118      0.967501342       4.66405153E-02   4.71876077E-02
           1.01999998      0.180437103      0.939103365       4.52353843E-02   4.65660095E-02
           1.02999997      0.170271397      0.919091523       3.75276506E-02   4.86990213E-02
           1.03999996      0.165235862      0.892398536       3.64172645E-02   4.78846617E-02
           1.04999995      0.155235305      0.871979237       2.95993984E-02   5.06343842E-02
           1.05999994      0.150728777      0.846630991       2.87395120E-02   4.96653728E-02
           1.07000005      0.146393999      0.822212756       2.79123876E-02   4.88025360E-02
           1.08000004      0.138342038      0.804048955       2.24013682E-02   5.07601090E-02
           1.09000003      0.134438813      0.780983865       2.17687245E-02   4.97666597E-02
           1.10000002      0.127302185      0.765105903       1.65071636E-02   5.15200682E-02
           1.11000001      0.123779774      0.743152142       1.60499606E-02   5.02880812E-02
           1.12000000      0.117099367      0.720809758       1.20019810E-02   4.67374325E-02
           1.13000000      0.113923013      0.700147867       1.16760386E-02   4.54734564E-02
           1.13999999      0.107228667      0.683251202       8.13551247E-03   4.79002781E-02
           1.14999998      0.104378484      0.663982868       7.91895390E-03   4.67483215E-02
           1.15999997      0.101632498      0.636309326       7.71034276E-03   3.65917273E-02
           1.16999996       9.62257683E-02  0.621528566       4.85273218E-03   3.86459418E-02
           1.17999995       9.37467813E-02  0.604104936       4.72753262E-03   3.76595668E-02
           1.19000006       8.88355374E-02  0.590331316       2.17966735E-03   3.96332331E-02
           1.20000005       8.65953937E-02  0.573936582       2.12459755E-03   3.85613441E-02
           1.21000004       7.94522688E-02  0.541343927       5.38243353E-03   4.15010042E-02
           1.22000003       7.74921030E-02  0.526384354       5.24938619E-03   4.03440595E-02
           1.23000002       7.56014735E-02  0.511888683       5.12105739E-03   3.92014198E-02
           1.24000001       7.39229918E-02  0.516876161      -1.58014894E-03   3.98159623E-02
           1.25000000       7.21598268E-02  0.502772391      -1.54238439E-03   3.86540294E-02
           1.25999999       6.87994063E-02  0.489702791      -2.99380231E-03   3.83088998E-02
           1.26999998       6.71960637E-02  0.475288510      -2.92385626E-03   3.60069461E-02
           1.27999997       6.56485111E-02  0.462450892      -2.85637379E-03   3.48904915E-02
           1.28999996       6.21891357E-02  0.450936466      -3.96730239E-03   3.64354849E-02
           1.29999995       6.07909113E-02  0.438851953      -3.87788564E-03   3.52873988E-02
           1.30999994       5.77551462E-02  0.428902596      -5.07456297E-03   3.66972275E-02
           1.32000005       5.64881749E-02  0.417516619      -4.96295327E-03   3.55385356E-02
           1.33000004       5.52645214E-02  0.406469971      -4.85514337E-03   3.43910865E-02
           1.34000003       5.27229272E-02  0.396873325      -5.65171754E-03   3.53324413E-02
           1.35000002       5.16097695E-02  0.386331081      -5.53204119E-03   3.44333649E-02
           1.36000001       4.90018427E-02  0.374950320      -6.28548861E-03   4.00603004E-02
           1.37000000       4.79940772E-02  0.364990234      -6.15580892E-03   3.91912051E-02
           1.38000000       4.70201969E-02  0.355541825      -6.03049481E-03   3.79218869E-02
           1.38999999       4.48140018E-02  0.346764237      -6.47929078E-03   3.85775976E-02
           1.39999998       4.39292528E-02  0.337879747      -6.35093683E-03   3.73253040E-02
           1.40999997       4.18908447E-02  0.329651326      -6.74735755E-03   3.79305482E-02
           1.41999996       4.10868041E-02  0.321155012      -6.61737984E-03   3.69397402E-02
           1.42999995       4.03094850E-02  0.312836200      -6.49172068E-03   3.55054550E-02
           1.44000006       3.80320996E-02  0.304009587      -6.57293946E-03   3.63422446E-02
           1.45000005       3.73334847E-02  0.296055168      -6.45171851E-03   3.47930975E-02
           1.46000004       3.66579480E-02  0.288698643      -6.33450365E-03   3.36214714E-02
           1.47000003       3.50068845E-02  0.281952024      -6.64047664E-03   3.41215916E-02
           1.48000002       3.43927033E-02  0.274714470      -6.52346900E-03   3.35928202E-02
           1.49000001       3.27595510E-02  0.267850637      -6.66491454E-03   3.40410471E-02
           1.50000000       3.22028250E-02  0.261144340      -6.55114418E-03   3.26824374E-02
           1.50999999       3.16644385E-02  0.254850954      -6.44110283E-03   3.15643959E-02
           1.51999998       3.01806182E-02  0.248615935      -6.55977940E-03   3.19819041E-02
           1.52999997       2.96926498E-02  0.242703035      -6.45320117E-03   3.08846235E-02
           1.53999996       2.92207953E-02  0.236972734      -6.35013217E-03   2.98135579E-02
           1.54999995       2.78701261E-02  0.231306717      -6.44882163E-03   3.02016232E-02
           1.55999994       2.74425671E-02  0.225406334      -6.34936243E-03   2.86335144E-02
           1.57000005       2.63393316E-02  0.220204115      -6.41893363E-03   2.87817121E-02
           1.58000004       2.59497892E-02  0.215161845      -6.32345164E-03   2.77711749E-02
           1.59000003       2.55731642E-02  0.210023686      -6.23114780E-03   2.72916760E-02
           1.60000002       2.43300069E-02  0.204774573      -6.20089239E-03   2.76336167E-02
           1.61000001       2.39903126E-02  0.200204253      -6.11379230E-03   2.66575906E-02
           1.62000000       2.36619953E-02  0.195193097      -6.02958864E-03   2.55416241E-02
           1.63000000       2.25217361E-02  0.189420208      -5.99505613E-03   2.53560841E-02
           1.63999999       2.22259816E-02  0.185314819      -5.91580430E-03   2.44418979E-02
           1.64999998       2.19402257E-02  0.181331992      -5.83922258E-03   2.35456023E-02
           1.65999997       2.11019665E-02  0.177176818      -5.88133698E-03   2.33447347E-02
           1.66999996       2.08423417E-02  0.173460558      -5.80845028E-03   2.24822760E-02
           1.67999995       2.05916651E-02  0.169866398      -5.73806465E-03   2.16401424E-02
           1.69000006       1.94627400E-02  0.165206805      -5.53387264E-03   2.19446626E-02
           1.70000005       1.92394312E-02  0.160193786      -5.46986982E-03   2.10618470E-02
           1.71000004       1.83681175E-02  0.156301841      -5.34806773E-03   2.11710036E-02
           1.72000003       1.81675274E-02  0.153226107      -5.28917788E-03   2.03759074E-02
           1.73000002       1.79741848E-02  0.150256172      -5.23238117E-03   1.95992496E-02
           1.74000001       1.72394067E-02  0.146984667      -5.18975407E-03   1.97230671E-02
           1.75000000       1.70654822E-02  0.144222960      -5.13690710E-03   1.89678464E-02
           1.75999999       1.68980416E-02  0.141559228      -5.08601731E-03   1.82296243E-02
           1.76999998       1.61450170E-02  0.138359472      -4.97398572E-03   1.83460023E-02
           1.77999997       1.59955565E-02  0.135891855      -4.92745964E-03   1.76287983E-02
           1.78999996       1.58519298E-02  0.133516029      -4.88273427E-03   1.69272721E-02
           1.79999995       1.51218222E-02  0.130890667      -4.84126201E-03   1.72186997E-02
           1.80999994       1.49944201E-02  0.128674284      -4.80000302E-03   1.65732801E-02
           1.82000005       1.48722632E-02  0.126545534      -4.76042740E-03   1.59391370E-02
           1.83000004       1.35067552E-02  0.120581962      -3.97216342E-03   1.59950648E-02
           1.84000003       1.34042380E-02  0.118635029      -3.94162489E-03   1.54457046E-02
           1.85000002       1.33062126E-02  0.116813339      -3.91240558E-03   1.48190064E-02
           1.86000001       1.34618608E-02  0.117963456      -4.54428000E-03   1.49842650E-02
           1.87000000       1.33708986E-02  0.116230242      -4.51311516E-03   1.44264847E-02
           1.88000000       1.32842651E-02  0.114541210      -4.48341481E-03   1.38160689E-02
           1.88999999       1.27099045E-02  0.112406522      -4.38495912E-03   1.39126182E-02
           1.89999998       1.26346340E-02  0.110913433      -4.35854075E-03   1.33035034E-02
           1.90999997       1.25633255E-02  0.109428890      -4.33349237E-03   1.26392050E-02
           1.91999996       1.24959080E-02  0.108067691      -4.30979254E-03   1.20351417E-02
           1.92999995       1.21683711E-02  0.106893457      -4.32843762E-03   1.20477332E-02
           1.94000006       1.21098692E-02  0.105652988      -4.30717552E-03   1.14353299E-02
           1.95000005       1.20550171E-02  0.104451321      -4.28721355E-03   1.07988715E-02
           1.96000004       1.15482314E-02  0.102771401      -4.19433229E-03   1.10563682E-02
           1.97000003       1.15023563E-02  0.101795293      -4.17722436E-03   1.05145676E-02
           1.98000002       1.14598796E-02  0.100717969      -4.16135835E-03   9.90049075E-03
           1.99000001       1.09812059E-02   9.93903801E-02  -4.07117093E-03   1.00675970E-02
           2.00000000       1.09467795E-02   9.84223485E-02  -4.05797223E-03   9.57746338E-03
