          0.100000001       845.600403       687.653992       174.183395       129.048874    
          0.109999999       731.522766       587.479492       162.841675       120.611549    
          0.119999997       582.397034       457.838776       148.213181       109.908020    
          0.129999995       504.233734       391.305817       137.558395       101.867043    
          0.140000001       434.915863       332.681488       126.867149       93.6477585    
          0.150000006       344.771881       256.615021       113.353874       83.1943054    
          0.159999996       298.046051       218.048141       104.118721       75.9607773    
          0.170000002       258.670135       185.926559       95.7507858       69.3926620    
          0.180000007       223.666748       157.749802       87.5849838       63.0165253    
          0.189999998       194.291092       134.663239       80.2546310       57.3738976    
          0.200000003       168.242523       114.416718       73.3867874       52.0665321    
          0.209999993       146.391373       97.6767044       67.0471420       47.1628151    
          0.219999999       126.995422       83.0588150       61.1375694       42.6196785    
          0.230000004       110.823845       71.0636520       55.8147240       38.5365715    
          0.239999995       95.5006943       59.8669434       50.6090088       34.5406303    
          0.250000000       83.6538315       51.3701897       46.1901054       31.1612930    
          0.259999990       72.2951508       43.4076385       41.7898560       27.8275814    
          0.270000011       62.9542503       37.0008354       37.9388237       24.9292202    
          0.280000001       54.6372490       31.2513065       34.3180504       22.1715794    
          0.289999992       47.8355408       26.8299503       31.1707325       19.8468857    
          0.300000012       41.7549553       23.0019321       28.2135677       17.5777893    
          0.310000002       36.3559456       19.6549435       25.4846592       15.6037321    
          0.319999993       31.9555969       16.9982681       23.0965786       13.9032593    
          0.330000013       27.6644516       14.4896975       20.7353840       12.2181244    
          0.340000004       24.2091618       12.5421295       18.7135792       10.7975922    
          0.349999994       23.0436764       11.8958893       17.8289280       10.2532740    
          0.360000014       20.2777061       10.3851728       16.1109695       9.06399250    
          0.370000005       17.7866993       9.07740116       14.5161867       7.97075891    
          0.379999995       15.6185579       7.98058701       13.0729475       6.99058533    
          0.389999986       13.7358017       7.09540415       11.7577286       6.14939833    
          0.400000006       13.0928421       6.74384499       11.2147989       5.83987808    
          0.409999996       11.3952894       5.98836517       10.0107279       5.04627419    
          0.419999987       10.1928177       5.43401861       9.08356285       4.45436716    
          0.430000007       9.01246929       4.93110847       8.16405010       3.86800194    
          0.439999998       8.60023689       4.69816065       7.79470634       3.67578411    
          0.449999988       7.61028147       4.29269028       6.99231958       3.17624402    
          0.460000008       6.75020361       3.96378326       6.27614450       2.73427749    
          0.469999999       6.44685698       3.79147553       5.99675131       2.57033277    
          0.479999989       5.73294401       3.52713895       5.37935019       2.19941211    
          0.490000010       5.10332251       3.31006217       4.81897306       1.87360811    
          0.500000000       4.87807798       3.16745949       4.60800505       1.78414917    
          0.509999990       4.36470795       3.00628638       4.13801432       1.51804650    
          0.519999981       3.89452100       2.85632777       3.69500828       1.27227366    
          0.529999971       3.72575951       2.73692012       3.53601813       1.21210933    
          0.540000021       3.34263682       2.62139082       3.16562629       1.01886070    
          0.550000012       3.00855255       2.52508759       2.83510327      0.845541000    
          0.560000002       2.88059974       2.42313266       2.71526408      0.806286097    
          0.569999993       2.59817004       2.34397626       2.42938447      0.662508726    
          0.579999983       2.34172797       2.27141118       2.16555238      0.535775363    
          0.589999974       2.24401975       2.18205976       2.07567501      0.511356533    
          0.600000024       2.02684307       2.12403274       1.84798443      0.407784373    
          0.610000014       1.84210014       2.07405257       1.65051854      0.320394993    
          0.620000005       1.76672280       1.99455464       1.58329260      0.306269497    
          0.629999995       1.60273015       1.94417524       1.40576744      0.224951267    
          0.639999986       1.53800833       1.87094605       1.34923792      0.215284348    
          0.649999976       1.40026295       1.83056366       1.19922841      0.156034306    
          0.660000026       1.27888179       1.79015970       1.06718695      0.107465424    
          0.670000017       1.22826922       1.72277594       1.02510583      0.102346897    
          0.680000007       1.12309039       1.68910992      0.908856094       6.16964512E-02
          0.689999998       1.07924771       1.62703764      0.873493195       5.98060302E-02
          0.699999988      0.989126384       1.59609449      0.773479283       2.72009373E-02
          0.709999979      0.951045811       1.53803360      0.743789434       2.67260876E-02
          0.720000029      0.873629272       1.50886333      0.657800078       8.03311646E-04
          0.730000019      0.804083347       1.48037040      0.580860078      -2.01316681E-02
          0.740000010      0.773776472       1.42717206      0.559022129      -1.84018612E-02
          0.750000000      0.713521004       1.40103233      0.492278218      -3.47325020E-02
          0.759999990      0.687012374       1.35123539      0.474030495      -3.25727463E-02
          0.769999981      0.634897351       1.32591212      0.416999340      -4.45263386E-02
          0.779999971      0.611651838       1.27907550      0.401762217      -4.20126133E-02
          0.790000021      0.566319168       1.25450838      0.352636784      -5.10150604E-02
          0.800000012      0.545890033       1.21051681      0.339938313      -4.83148880E-02
          0.810000002      0.506487727       1.18499601      0.298792839      -5.38837127E-02
          0.819999993      0.488490790       1.14325798      0.288192123      -5.16142063E-02
          0.829999983      0.453843921       1.11811674      0.251924723      -5.77929020E-02
          0.839999974      0.437962562       1.07923758      0.243120715      -5.51771335E-02
          0.850000024      0.409290701       1.05831969      0.212857798      -5.78357391E-02
          0.860000014      0.395189762       1.01603019      0.205532506      -4.35860939E-02
          0.870000005      0.368286014      0.994601965      0.178579763      -4.51227017E-02
          0.879999995      0.355796665      0.960594177      0.172529146      -4.29751463E-02
          0.889999986      0.332014829      0.939877987      0.149356231      -4.33085747E-02
          0.899999976      0.320935339      0.908231556      0.144375607      -4.09646034E-02
          0.910000026      0.299849719      0.896994412      0.124400757      -3.18262987E-02
          0.920000017      0.290006042      0.866713822      0.120318912      -3.02575026E-02
          0.930000007      0.272491843      0.847618639      0.103788435      -3.01278438E-02
          0.939999998      0.263693839      0.818816900      0.100438528      -2.90364828E-02
          0.949999988      0.246903494      0.799455166       8.56448933E-02  -2.79100742E-02
          0.959999979      0.239065528      0.772936761       8.29265490E-02  -2.65058279E-02
          0.970000029      0.224054813      0.754343450       7.01594949E-02  -2.50720177E-02
          0.980000019      0.217063591      0.729385614       6.79702535E-02  -2.39183102E-02
          0.990000010      0.204514921      0.702791870       5.76717854E-02  -3.12722512E-02
           1.00000000      0.198244497      0.679815710       5.59032671E-02  -2.98670139E-02
           1.00999999      0.186040118      0.661986053       4.66405153E-02  -2.79296637E-02
           1.01999998      0.180437103      0.640466034       4.52353843E-02  -2.67205238E-02
           1.02999997      0.170271397      0.624634206       3.75276506E-02  -2.46686134E-02
           1.03999996      0.165235862      0.604541004       3.64172645E-02  -2.35868301E-02
           1.04999995      0.155235305      0.588424921       2.95993984E-02  -2.10164785E-02
           1.05999994      0.150728777      0.569544733       2.87395120E-02  -2.01527681E-02
           1.07000005      0.146393999      0.551330149       2.79123876E-02  -1.93434954E-02
           1.08000004      0.138342038      0.530391455       2.24013682E-02  -2.41474714E-02
           1.09000003      0.134438813      0.513463914       2.17687245E-02  -2.33410597E-02
           1.10000002      0.127302185      0.501608193       1.65071636E-02  -2.12413073E-02
           1.11000001      0.123779774      0.485574722       1.60499606E-02  -2.03189459E-02
           1.12000000      0.117099367      0.472945362       1.20019810E-02  -1.80108752E-02
           1.13000000      0.113923013      0.458056837       1.16760386E-02  -1.74840689E-02
           1.13999999      0.107228667      0.445147514       8.13551247E-03  -1.43884821E-02
           1.14999998      0.104378484      0.431230426       7.91895390E-03  -1.40101314E-02
           1.15999997      0.101632498      0.417803168       7.71034276E-03  -1.36518478E-02
           1.16999996       9.62257683E-02  0.406649113       4.85273218E-03  -1.15575790E-02
           1.17999995       9.37467813E-02  0.393900990       4.72753262E-03  -1.14415484E-02
           1.19000006       8.88355374E-02  0.383564085       2.17966735E-03  -9.45482682E-03
           1.20000005       8.65953937E-02  0.371655226       2.12459755E-03  -9.05686617E-03
           1.21000004       7.94522688E-02  0.344187409       5.38243353E-03  -7.45505095E-03
           1.22000003       7.74921030E-02  0.332183927       5.24938619E-03  -8.84588528E-03
           1.23000002       7.56014735E-02  0.319861114       5.12105739E-03  -4.40118695E-03
           1.24000001       7.39229918E-02  0.326752812      -1.58014894E-03  -8.68735742E-03
           1.25000000       7.21598268E-02  0.314716011      -1.54238439E-03  -4.32713842E-03
           1.25999999       6.87994063E-02  0.306603074      -2.99380231E-03  -2.84983707E-03
           1.26999998       6.71960637E-02  0.297210902      -2.92385626E-03  -3.19300103E-03
           1.27999997       6.56485111E-02  0.288033217      -2.85637379E-03  -2.73579359E-03
           1.28999996       6.21891357E-02  0.279796600      -3.96730239E-03  -1.11554062E-03
           1.29999995       6.07909113E-02  0.271500140      -3.87788564E-03  -1.32254756E-03
           1.30999994       5.77551462E-02  0.264498323      -5.07456297E-03   1.39415264E-04
           1.32000005       5.64881749E-02  0.256719619      -4.96295327E-03  -1.13109745E-04
           1.33000004       5.52645214E-02  0.249202490      -4.85514337E-03  -3.62912804E-04
           1.34000003       5.27229272E-02  0.242525101      -5.65171754E-03   7.82340765E-04
           1.35000002       5.16097695E-02  0.235014841      -5.53204119E-03   3.05076446E-05
           1.36000001       4.90018427E-02  0.228622332      -6.28548861E-03   1.36437023E-03
           1.37000000       4.79940772E-02  0.222054407      -6.15580892E-03   1.07286370E-03
           1.38000000       4.70201969E-02  0.215696394      -6.03049481E-03   7.77304173E-04
           1.38999999       4.48140018E-02  0.209590182      -6.47929078E-03   1.80678570E-03
           1.39999998       4.39292528E-02  0.203643754      -6.35093683E-03   1.48783124E-03
           1.40999997       4.18908447E-02  0.197722480      -6.74735755E-03   2.92208791E-03
           1.41999996       4.10868041E-02  0.192166492      -6.61737984E-03   2.56911921E-03
           1.42999995       4.03094850E-02  0.186802804      -6.49172068E-03   2.23208475E-03
           1.44000006       3.80320996E-02  0.180603027      -6.57293946E-03   3.38522601E-03
           1.45000005       3.73334847E-02  0.175593957      -6.45171851E-03   3.01709771E-03
           1.46000004       3.66579480E-02  0.170757487      -6.33450365E-03   2.66069174E-03
           1.47000003       3.50068845E-02  0.165777624      -6.64047664E-03   3.06225824E-03
           1.48000002       3.43927033E-02  0.161261782      -6.52346900E-03   2.70645809E-03
           1.49000001       3.27595510E-02  0.156578138      -6.66491454E-03   3.49433231E-03
           1.50000000       3.22028250E-02  0.152359381      -6.55114418E-03   3.12904525E-03
           1.50999999       3.16644385E-02  0.148280606      -6.44110283E-03   2.77314591E-03
           1.51999998       3.01806182E-02  0.144051805      -6.55977940E-03   3.49896145E-03
           1.52999997       2.96926498E-02  0.140240595      -6.45320117E-03   3.13601899E-03
           1.53999996       2.92207953E-02  0.136555865      -6.35013217E-03   2.78248382E-03
           1.54999995       2.78701261E-02  0.132737383      -6.44882163E-03   3.45415878E-03
           1.55999994       2.74425671E-02  0.129294515      -6.34936243E-03   3.09575605E-03
           1.57000005       2.63393316E-02  0.125831053      -6.41893363E-03   3.56402993E-03
           1.58000004       2.59497892E-02  0.122612737      -6.32345164E-03   3.20587563E-03
           1.59000003       2.55731642E-02  0.119501553      -6.23114780E-03   2.85714865E-03
           1.60000002       2.43300069E-02  0.115948886      -6.20089239E-03   3.47036123E-03
           1.61000001       2.39903126E-02  0.113048755      -6.11379230E-03   3.11962771E-03
           1.62000000       2.36619953E-02  0.110056736      -6.02958864E-03   2.79021263E-03
           1.63000000       2.25217361E-02  0.106249511      -5.99505613E-03   3.07747722E-03
           1.63999999       2.22259816E-02  0.103657566      -5.91580430E-03   2.74248421E-03
           1.64999998       2.19402257E-02  0.101150222      -5.83922258E-03   2.41599977E-03
           1.65999997       2.11019665E-02   9.86121818E-02  -5.88133698E-03   2.77449191E-03
           1.66999996       2.08423417E-02   9.62302908E-02  -5.80845028E-03   2.44129705E-03
           1.67999995       2.05916651E-02   9.39342305E-02  -5.73806465E-03   2.14171899E-03
           1.69000006       1.94627400E-02   9.07507017E-02  -5.53387264E-03   2.67875195E-03
           1.70000005       1.92394312E-02   8.77372324E-02  -5.46986982E-03   2.34508025E-03
           1.71000004       1.83681175E-02   8.51271525E-02  -5.34806773E-03   2.70586205E-03
           1.72000003       1.81675274E-02   8.31778646E-02  -5.28917788E-03   2.46356917E-03
           1.73000002       1.79741848E-02   8.12780932E-02  -5.23238117E-03   2.10812199E-03
           1.74000001       1.72394067E-02   7.91642964E-02  -5.18975407E-03   2.44354713E-03
           1.75000000       1.70654822E-02   7.74247870E-02  -5.13690710E-03   2.19230354E-03
           1.75999999       1.68980416E-02   7.57706761E-02  -5.08601731E-03   1.89972424E-03
           1.76999998       1.61450170E-02   7.36228749E-02  -4.97398572E-03   2.22196686E-03
           1.77999997       1.59955565E-02   7.20917806E-02  -4.92745964E-03   1.93347537E-03
           1.78999996       1.58519298E-02   7.06167892E-02  -4.88273427E-03   1.65171921E-03
           1.79999995       1.51218222E-02   6.88455701E-02  -4.84126201E-03   2.06245971E-03
           1.80999994       1.49944201E-02   6.74799755E-02  -4.80000302E-03   1.78248680E-03
           1.82000005       1.48722632E-02   6.61660209E-02  -4.76042740E-03   1.50874257E-03
           1.83000004       1.35067552E-02   6.19882829E-02  -3.97216342E-03   1.91593671E-03
           1.84000003       1.34042380E-02   6.08105026E-02  -3.94162489E-03   1.65020919E-03
           1.85000002       1.33062126E-02   5.96793145E-02  -3.91240558E-03   1.39023364E-03
           1.86000001       1.34618608E-02   6.06519543E-02  -4.54428000E-03   1.54095888E-03
           1.87000000       1.33708986E-02   5.95821254E-02  -4.51311516E-03   1.27993280E-03
           1.88000000       1.32842651E-02   5.85567057E-02  -4.48341481E-03   1.02402270E-03
           1.88999999       1.27099045E-02   5.71181960E-02  -4.38495912E-03   1.29755586E-03
           1.89999998       1.26346340E-02   5.61813749E-02  -4.35854075E-03   1.04482973E-03
           1.90999997       1.25633255E-02   5.52862436E-02  -4.33349237E-03   7.96670734E-04
           1.91999996       1.24959080E-02   5.44317253E-02  -4.30979254E-03   5.52761077E-04
           1.92999995       1.21683711E-02   5.36208637E-02  -4.32843762E-03   6.97088719E-04
           1.94000006       1.21098692E-02   5.28435223E-02  -4.30717552E-03   4.55923378E-04
           1.95000005       1.20550171E-02   5.21048419E-02  -4.28721355E-03   2.18361616E-04
           1.96000004       1.15482314E-02   5.09796254E-02  -4.19433229E-03   4.76782530E-04
           1.97000003       1.15023563E-02   5.03175557E-02  -4.17722436E-03   2.41078436E-04
           1.98000002       1.14598796E-02   4.96922918E-02  -4.16135835E-03   8.35955143E-06
           1.99000001       1.09812059E-02   4.86922078E-02  -4.07117093E-03   2.60303408E-04
           2.00000000       1.09467795E-02   4.81397174E-02  -4.05797223E-03   2.88908686E-05
