          0.100000001       1749.66345       1626.53174       360.409271       313.343994    
          0.109999999       1547.69202       1432.78809       344.526215       299.664948    
          0.119999997       1259.56836       1157.53345       320.545288       279.627472    
          0.129999995       1114.44495       1019.68573       304.028107       265.426117    
          0.140000001       982.052246       894.182373       286.469513       250.045853    
          0.150000006       795.137207       717.265137       261.424652       228.000732    
          0.159999996       701.864075       629.472290       245.187546       213.495621    
          0.170000002       621.804199       554.366760       230.170547       199.974411    
          0.180000007       548.687256       486.063507       214.858765       186.312668    
          0.189999998       486.262939       428.204742       200.857590       173.920761    
          0.200000003       429.464203       375.725830       187.330750       161.884613    
          0.209999993       381.028961       331.162231       174.511002       150.429581    
          0.219999999       336.946045       290.816010       162.211029       139.471573    
          0.230000004       299.649597       256.835297       150.913925       129.377762    
          0.239999995       263.071320       223.653320       139.410294       119.088295    
          0.250000000       234.702560       198.055786       129.592819       110.286644    
          0.259999990       206.530579       172.835083       119.383972       101.209251    
          0.270000011       183.072098       151.957901       110.326775       93.1441956    
          0.280000001       161.691040       132.856018       101.559319       85.2767105    
          0.289999992       144.021225       117.390282       93.8475266       78.4581375    
          0.300000012       127.861778       103.318268       86.3954239       71.8512878    
          0.310000002       113.199219       90.7041931       79.3499832       65.5477524    
          0.319999993       101.141357       80.3588028       73.1020279       60.0338249    
          0.330000013       88.9807434       70.0431595       66.6938858       54.4109802    
          0.340000004       79.1086960       61.7548485       61.1506767       49.5642967    
          0.349999994       76.4795227       59.5577393       59.1723289       47.8820534    
          0.360000014       68.3344193       52.7875366       54.2928123       43.6278954    
          0.370000005       60.8445854       46.6318970       49.6568413       39.6000557    
          0.379999995       54.2190208       41.2478790       45.3820610       35.8972092    
          0.389999986       48.3756905       36.5816994       41.4091797       32.5126228    
          0.400000006       46.7679138       35.2847710       40.0595055       31.3902836    
          0.409999996       41.2723083       30.9710941       36.2575951       28.1341724    
          0.419999987       37.4218597       27.9462223       33.3493462       25.6544743    
          0.430000007       33.5313530       24.9464207       30.3747654       23.1237774    
          0.439999998       32.4169388       24.0599270       29.3806458       22.3154449    
          0.449999988       29.0532970       21.5009174       26.6941433       20.0444279    
          0.460000008       26.0929260       19.2862453       24.2604465       17.9895153    
          0.469999999       25.2257252       18.5592766       23.4645176       17.3066711    
          0.479999989       22.7008152       16.7013073       21.3006840       15.4965668    
          0.490000010       20.4438725       15.0772963       19.3047714       13.8446007    
          0.500000000       19.7644176       14.5522642       18.6701679       13.3597832    
          0.509999990       17.8810806       13.2332354       16.9523754       11.9499273    
          0.519999981       16.1277676       12.0113907       15.3015547       10.6019773    
          0.529999971       15.5917549       11.5905867       14.7977142       10.2217512    
          0.540000021       14.1321383       10.5987730       13.3837671       9.08659458    
          0.550000012       12.8467512       9.74320793       12.1061106       8.06174278    
          0.560000002       12.4197817       9.40544415       11.7069311       7.76968622    
          0.569999993       11.3076439       8.67659092       10.5730629       6.86724138    
          0.579999983       10.2847338       8.01599121       9.51098156       6.03525925    
          0.589999974       9.94291592       7.74186850       9.19700527       5.81404257    
          0.600000024       9.05766392       7.19313478       8.25837135       5.09684229    
          0.610000014       8.30035210       6.72869253       7.43710136       4.46828938    
          0.620000005       8.02448750       6.50250864       7.19134378       4.30243158    
          0.629999995       7.33589935       6.08709717       6.43437576       3.73087978    
          0.639999986       7.09209061       5.88450193       6.22162867       3.59084821    
          0.649999976       6.50318527       5.53279114       5.56952858       3.10707784    
          0.660000026       5.98034286       5.21880579       4.99040937       2.68343806    
          0.670000017       5.78158426       5.04200983       4.82527399       2.57470202    
          0.680000007       5.31990480       4.77582359       4.30510998       2.20158005    
          0.689999998       5.14310074       4.62183952       4.16258812       2.11682868    
          0.699999988       4.74076700       4.39349365       3.70719528       1.79667461    
          0.709999979       4.58320618       4.25354719       3.58441234       1.72670078    
          0.720000029       4.23199081       4.05697489       3.18648171       1.45312011    
          0.730000019       3.91423416       3.87941289       2.82759547       1.21137106    
          0.740000010       3.78414273       3.75859427       2.73388982       1.16279423    
          0.750000000       3.50464320       3.60533929       2.41795158      0.955260575    
          0.759999990       3.38816619       3.49458241       2.33779502      0.916348159    
          0.769999981       3.14300513       3.35959363       2.06431937      0.742109478    
          0.779999971       3.03854680       3.25770950       1.99586308      0.711245835    
          0.790000021       2.82241893       3.13887954       1.75746977      0.564170063    
          0.800000012       2.72861481       3.04488683       1.69917142      0.540078461    
          0.810000002       2.53840733       2.93580174       1.49748516      0.420963436    
          0.819999993       2.45404291       2.84898877       1.44779778      0.402421474    
          0.829999983       2.28477955       2.75408101       1.26826060      0.299862236    
          0.839999974       2.20884538       2.67367196       1.22616875      0.286074311    
          0.850000024       2.06742191       2.59631515       1.07519400      0.202920273    
          0.860000014       1.99871123       2.52141976       1.03950119      0.192994118    
          0.870000005       1.86446857       2.44365358      0.904070199      0.122613907    
          0.879999995       1.80250263       2.37392163      0.874050438      0.115848064    
          0.889999986       1.68272781       2.30301833      0.756971836       5.85835762E-02
          0.899999976       1.62680149       2.23607039      0.731831372       6.66185990E-02
          0.910000026       1.51970828       2.17124629      0.630492032       1.98864937E-02
          0.920000017       1.46920013       2.11083055      0.609547913       1.78581867E-02
          0.930000007       1.37950552       2.05632353      0.525434911      -1.84667911E-02
          0.939999998       1.33365715       1.99735534      0.507977605      -2.11874638E-02
          0.949999988       1.24716651       1.94162905      0.432612091      -5.02552986E-02
          0.959999979       1.20571661       1.88882256      0.418236405      -4.91499901E-02
          0.970000029       1.12795544       1.83728659      0.353202820      -7.15848580E-02
          0.980000019       1.09046757       1.78775847      0.341463834      -6.95429668E-02
          0.990000010       1.02498448       1.74043882      0.289038450      -8.71588364E-02
           1.00000000      0.990918636       1.69413519      0.279430598      -8.41827393E-02
           1.00999999      0.927185774       1.64756048      0.232446715      -9.54728127E-02
           1.01999998      0.896370649       1.60421717      0.224719092      -9.19306278E-02
           1.02999997      0.842914104       1.56858170      0.185777381      -9.58255157E-02
           1.03999996      0.814899921       1.52797782      0.179600433      -9.20950547E-02
           1.04999995      0.762477696       1.48568439      0.145384952      -9.66502056E-02
           1.05999994      0.737136662       1.44742739      0.140550211      -9.25629959E-02
           1.07000005      0.712637961       1.41025770      0.135876060      -8.85877609E-02
           1.08000004      0.670149803       1.37549341      0.108515657      -9.09890309E-02
           1.09000003      0.647876978       1.34052241      0.104906082      -8.68842602E-02
           1.10000002      0.610144556       1.31158984       7.91169032E-02  -8.87982026E-02
           1.11000001      0.589866340       1.27856588       7.64853135E-02  -8.45969543E-02
           1.12000000      0.554681778       1.24707735       5.68515249E-02  -8.32769051E-02
           1.13000000      0.536246896       1.21591866       5.49602918E-02  -7.91810378E-02
           1.13999999      0.501425803       1.18294990       3.80435400E-02  -7.56552219E-02
           1.14999998      0.484760612       1.15375721       3.67776565E-02  -7.16177598E-02
           1.15999997      0.468649656       1.12532520       3.55540700E-02  -6.77517280E-02
           1.16999996      0.440437555       1.09763181       2.22115722E-02  -6.39983788E-02
           1.17999995      0.425799698       1.06290591       2.14725528E-02  -6.81191310E-02
           1.19000006      0.400285572       1.03758550       9.82143451E-03  -6.37609139E-02
           1.20000005      0.386981875       1.01246631       9.49450303E-03  -6.00556545E-02
           1.21000004      0.352041215      0.939658821       2.38487720E-02  -4.23674174E-02
           1.22000003      0.340340853      0.917256534       2.30549965E-02  -3.93865891E-02
           1.23000002      0.329029530      0.895451248       2.22876277E-02  -3.65097523E-02
           1.24000001      0.318720609      0.916615784      -6.81285048E-03  -4.23529930E-02
           1.25000000      0.308127791      0.894894302      -6.58609485E-03  -3.92234735E-02
           1.25999999      0.290872902      0.874816239      -1.26572847E-02  -3.43585014E-02
           1.26999998      0.281205773      0.854257107      -1.22358995E-02  -3.14470530E-02
           1.27999997      0.271859795      0.834235191      -1.18286209E-02  -2.86451969E-02
           1.28999996      0.254772812      0.812730312      -1.62530337E-02  -2.27872934E-02
           1.29999995      0.246305421      0.793856621      -1.57119632E-02  -2.02314053E-02
           1.30999994      0.231366679      0.776008844      -2.03286409E-02  -1.48551464E-02
           1.32000005      0.223677054      0.758141220      -1.96518898E-02  -1.25246840E-02
           1.33000004      0.216243222      0.740732193      -1.89975593E-02  -1.02883577E-02
           1.34000003      0.203800663      0.723695755      -2.18467321E-02  -5.40506840E-03
           1.35000002      0.197027251      0.707211494      -2.11193170E-02  -3.38602066E-03
           1.36000001      0.184703097      0.688662827      -2.36919615E-02   1.87714890E-04
           1.37000000      0.178564444      0.673112094      -2.29030158E-02   2.02389550E-03
           1.38000000      0.172629759      0.657952487      -2.21403446E-02   3.77988815E-03
           1.38999999      0.162310794      0.641934931      -2.34671831E-02   8.52831174E-03
           1.39999998      0.156916305      0.627596080      -2.26856861E-02   1.00739794E-02
           1.40999997      0.147534102      0.612626016      -2.37633083E-02   1.45978136E-02
           1.41999996      0.142630816      0.599051714      -2.29719076E-02   1.59435663E-02
           1.42999995      0.137890443      0.585812628      -2.22068336E-02   1.72237549E-02
           1.44000006      0.128165483      0.568601131      -2.21503433E-02   2.22504139E-02
           1.45000005      0.123905815      0.556106031      -2.14125663E-02   2.33424511E-02
           1.46000004      0.119787782      0.543965638      -2.06993669E-02   2.43527498E-02
           1.47000003      0.112597145      0.531645477      -2.13586185E-02   2.81604920E-02
           1.48000002      0.108854949      0.518786132      -2.06471737E-02   2.76629534E-02
           1.49000001      0.102001362      0.505990565      -2.07521264E-02   3.14226560E-02
           1.50000000       9.86113325E-02  0.495120078      -2.00608764E-02   3.21348123E-02
           1.50999999       9.53339711E-02  0.484510452      -1.93925947E-02   3.28017659E-02
           1.51999998       8.93151760E-02  0.472831488      -1.94127169E-02   3.62152644E-02
           1.52999997       8.63467976E-02  0.462778956      -1.87660307E-02   3.67330126E-02
           1.53999996       8.34770426E-02  0.452964783      -1.81408580E-02   3.72117572E-02
           1.54999995       7.81935081E-02  0.442290515      -1.80930737E-02   4.03033495E-02
           1.55999994       7.55947605E-02  0.432983011      -1.74902920E-02   4.06478047E-02
           1.57000005       7.12172762E-02  0.423285246      -1.73557550E-02   4.30936404E-02
           1.58000004       6.88503608E-02  0.414439678      -1.67774800E-02   4.33239341E-02
           1.59000003       6.65621385E-02  0.405799866      -1.62185077E-02   4.35245223E-02
           1.60000002       6.21059947E-02  0.395620346      -1.58287119E-02   4.61509638E-02
           1.61000001       6.00418746E-02  0.387438744      -1.53013198E-02   4.62368317E-02
           1.62000000       5.80463894E-02  0.376508385      -1.47914737E-02   4.78766374E-02
           1.63000000       5.41389175E-02  0.365472168      -1.44112287E-02   4.89562750E-02
           1.63999999       5.23396023E-02  0.357979059      -1.39310258E-02   4.88969684E-02
           1.64999998       5.06001078E-02  0.350611091      -1.34668248E-02   4.88338284E-02
           1.65999997       4.76488434E-02  0.343188524      -1.32802306E-02   5.05177565E-02
           1.66999996       4.60652150E-02  0.335048229      -1.28376856E-02   5.26916198E-02
           1.67999995       4.45342250E-02  0.328259617      -1.24098910E-02   5.24616651E-02
           1.69000006       4.11775634E-02  0.318991721      -1.17080836E-02   5.41561842E-02
           1.70000005       3.98090221E-02  0.310013354      -1.13179088E-02   5.37610240E-02
           1.71000004       3.71590927E-02  0.302247554      -1.08192535E-02   5.49732633E-02
           1.72000003       3.59240845E-02  0.296219230      -1.04587069E-02   5.46004660E-02
           1.73000002       3.47301513E-02  0.290324777      -1.01101389E-02   5.42193651E-02
           1.74000001       3.25406231E-02  0.283217072      -9.79603734E-03   5.54027744E-02
           1.75000000       3.14591266E-02  0.277502030      -9.46955755E-03   5.51981926E-02
           1.75999999       3.04135736E-02  0.272025913      -9.15395841E-03   5.47548048E-02
           1.76999998       2.83629224E-02  0.265365690      -8.73809960E-03   5.57797253E-02
           1.77999997       2.74202731E-02  0.260167032      -8.44686385E-03   5.52903600E-02
           1.78999996       2.65089571E-02  0.254905373      -8.16532876E-03   5.51491193E-02
           1.79999995       2.46621724E-02  0.249283865      -7.89561216E-03   5.61757796E-02
           1.80999994       2.38425117E-02  0.244442776      -7.63244787E-03   5.56341223E-02
           1.82000005       2.30500996E-02  0.239705637      -7.37805152E-03   5.50908931E-02
           1.83000004       2.03985292E-02  0.228319451      -5.99894905E-03   5.55336475E-02
           1.84000003       1.97205711E-02  0.223842189      -5.79899689E-03   5.48364706E-02
           1.85000002       1.90651510E-02  0.219386041      -5.60569763E-03   5.40688634E-02
           1.86000001       1.87792499E-02  0.219997942      -6.33925572E-03   5.50303869E-02
           1.87000000       1.81551129E-02  0.215675041      -6.12794375E-03   5.43102436E-02
           1.88000000       1.75517201E-02  0.211564168      -5.92367351E-03   5.37151210E-02
           1.88999999       1.63360406E-02  0.206464648      -5.63598750E-03   5.38208671E-02
           1.89999998       1.57931075E-02  0.202554151      -5.44811087E-03   5.32092452E-02
           1.90999997       1.52682187E-02  0.198725760      -5.26649738E-03   5.26004732E-02
           1.91999996       1.47607811E-02  0.194976881      -5.09093748E-03   5.19944914E-02
           1.92999995       1.39672132E-02  0.191240355      -4.96830791E-03   5.19509725E-02
           1.94000006       1.35030029E-02  0.187648058      -4.80267918E-03   5.13360314E-02
           1.95000005       1.30542256E-02  0.184130147      -4.64257039E-03   5.07247932E-02
           1.96000004       1.21414242E-02  0.180083454      -4.40978073E-03   5.09589128E-02
           1.97000003       1.17379054E-02  0.176728249      -4.26276727E-03   5.03344722E-02
           1.98000002       1.13477940E-02  0.173441812      -4.12065862E-03   4.97145951E-02
           1.99000001       1.05484249E-02  0.169686317      -3.91072268E-03   4.98811938E-02
           2.00000000       1.01978509E-02  0.166549772      -3.78034520E-03   4.92512621E-02
