          0.100000001       1123.05310       1042.37634       231.335205       208.639282    
          0.109999999       948.562561       875.809753       211.156128       190.016891    
          0.119999997       737.120850       674.721619       187.588547       168.714355    
          0.129999995       622.746399       566.747864       169.889420       152.547363    
          0.140000001       523.989685       473.821045       152.850418       136.909134    
          0.150000006       405.103485       362.166901       133.189621       118.818962    
          0.159999996       341.438446       302.881256       119.277306       105.991997    
          0.170000002       288.834229       254.142929       106.916504       94.5670471    
          0.180000007       243.363571       212.244995       95.2980042       83.9233932    
          0.189999998       205.938370       178.072586       85.0656815       74.6151199    
          0.200000003       173.671524       148.769913       75.7548981       66.1412811    
          0.209999993       147.128021       124.818199       67.3845291       58.5282784    
          0.219999999       124.231964       104.307922       59.8071938       51.6621895    
          0.230000004       105.492653       87.6391220       53.1297493       45.6161079    
          0.239999995       88.4336929       72.5912399       46.8639717       39.9437218    
          0.250000000       75.3351517       61.1223946       41.5968857       35.1981621    
          0.259999990       63.2994270       50.7250023       36.5899162       30.7540226    
          0.270000011       53.5763435       42.3829956       32.2873077       26.9190369    
          0.280000001       45.1827393       35.2620888       28.3796101       23.4574413    
          0.289999992       38.4280663       29.5923672       25.0406094       20.5095348    
          0.300000012       32.5760536       24.7402248       22.0114422       17.8531952    
          0.310000002       27.5382786       20.6120663       19.3036861       15.4858503    
          0.319999993       23.4940414       17.3172379       16.9808102       13.4472189    
          0.330000013       19.7360630       14.3313789       14.7928057       11.5643730    
          0.340000004       16.7542267       11.9943190       12.9509439       9.98750877    
          0.349999994       15.4661055       10.9805222       11.9661493       9.16964817    
          0.360000014       13.1950426       9.23285198       10.4836779       7.92674255    
          0.370000005       11.2183456       7.74358416       9.15558147       6.81117058    
          0.379999995       9.54540157       6.50755835       7.98963165       5.84076452    
          0.389999986       8.13214874       5.47338915       6.96104860       4.98380423    
          0.400000006       7.50691938       5.01304197       6.43012381       4.56976366    
          0.409999996       6.32569170       4.19376659       5.55710077       3.86223030    
          0.419999987       5.47659063       3.60305476       4.88058853       3.32301140    
          0.430000007       4.68566799       3.07052231       4.24456692       2.81903148    
          0.439999998       4.32541800       2.81354833       3.92028308       2.57970357    
          0.449999988       3.70158005       2.40576077       3.40100789       2.17616940    
          0.460000008       3.17431521       2.07184076       2.95138645       1.83070850    
          0.469999999       2.93026328       1.89441144       2.72567821       1.66548288    
          0.479999989       2.51790881       1.62957907       2.36261010       1.38159609    
          0.490000010       2.16519618       1.42285669       2.04455495       1.14501011    
          0.500000000       1.99872780       1.30869865       1.88806880       1.04388654    
          0.509999990       1.72662914       1.15452349       1.63695180      0.866664231    
          0.519999981       1.48701441       1.02025020       1.41083586      0.710651577    
          0.529999971       1.37268698      0.940699577       1.30278027      0.645441473    
          0.540000021       1.18800938      0.841815948       1.12509811      0.526533067    
          0.550000012       1.03119516      0.759891987      0.971744716      0.427179098    
          0.560000002      0.951912701      0.703406036      0.897276402      0.386424780    
          0.569999993      0.827543736      0.640692234      0.773783863      0.309067845    
          0.579999983      0.718699753      0.586357892      0.664629757      0.243126035    
          0.589999974      0.663443506      0.545229316      0.613672376      0.218621969    
          0.600000024      0.577087820      0.503917158      0.526162684      0.168538764    
          0.610000014      0.504960835      0.470099688      0.452444106      0.128322288    
          0.620000005      0.466137618      0.439180285      0.417740792      0.114292823    
          0.629999995      0.406898171      0.412178010      0.356893659       8.31030831E-02
          0.639999986      0.375614315      0.385944963      0.329512596       7.31971264E-02
          0.649999976      0.328874141      0.364070058      0.281657994       5.02910614E-02
          0.660000026      0.288778692      0.344808936      0.240976810       3.25745754E-02
          0.670000017      0.266576320      0.324187458      0.222482935       2.76362896E-02
          0.680000007      0.234214842      0.309079975      0.189537346       1.45853357E-02
          0.689999998      0.216207579      0.290161431      0.174988449       1.42612457E-02
          0.699999988      0.190296218      0.282212406      0.148808256       9.42452718E-03
          0.709999979      0.175665513      0.266619116      0.137383655       7.61403656E-03
          0.720000029      0.154880747      0.255846471      0.116617620       8.82685184E-04
          0.730000019      0.136783943      0.245353341       9.88110602E-02  -4.67680907E-03
          0.740000010      0.126267478      0.232496023       9.12231281E-02  -4.86130500E-03
          0.750000000      0.111661457      0.224088475       7.70383701E-02  -8.05066060E-03
          0.759999990      0.103076540      0.212680519       7.11216107E-02  -7.71430135E-03
          0.769999981       9.13010836E-02  0.205253556       5.99663742E-02  -9.50152706E-03
          0.779999971       8.42815116E-02  0.195079923       5.53601347E-02  -8.83989502E-03
          0.790000021       7.47520924E-02  0.186660483       4.65467870E-02  -1.15110083E-02
          0.800000012       6.90048635E-02  0.177609369       4.29709256E-02  -1.05968909E-02
          0.810000002       6.12963252E-02  0.171527550       3.61606069E-02  -1.05971098E-02
          0.819999993       5.65836318E-02  0.163397595       3.33823264E-02  -9.60958004E-03
          0.829999983       5.03023975E-02  0.158080146       2.79224142E-02  -9.23329592E-03
          0.839999974       4.64349836E-02  0.150740564       2.57768724E-02  -8.23502708E-03
          0.850000024       4.14996594E-02  0.146020845       2.15825289E-02  -7.63819600E-03
          0.860000014       3.83090191E-02  0.139362261       1.99239720E-02  -6.67495513E-03
          0.870000005       3.41225751E-02  0.134877697       1.65458433E-02  -5.84522868E-03
          0.879999995       3.14991027E-02  0.128832027       1.52742080E-02  -4.94932150E-03
          0.889999986       2.80783568E-02  0.124679416       1.26309944E-02  -4.03651595E-03
          0.899999976       2.59195920E-02  0.119177856       1.16601596E-02  -3.22660804E-03
          0.910000026       2.31200736E-02  0.115332834       9.59198643E-03  -2.29535997E-03
          0.920000017       2.13425104E-02  0.110315986       8.85467138E-03  -1.58085919E-03
          0.930000007       1.91347916E-02  0.106784493       7.28818169E-03  -7.32059299E-04
          0.939999998       1.76636335E-02  0.102197655       6.72791339E-03  -1.13626324E-04
          0.949999988       1.57723296E-02   9.88435224E-02   5.47104282E-03   7.45097816E-04
          0.959999979       1.45596983E-02   9.46488604E-02   5.05043752E-03   1.26638508E-03
          0.970000029       1.30057251E-02   9.15277377E-02   4.07255301E-03   2.05539656E-03
          0.980000019       1.20057957E-02   8.76865685E-02   3.75943817E-03   2.48405337E-03
          0.990000010       1.07753454E-02   8.47562775E-02   3.03857215E-03   3.14769638E-03
           1.00000000       9.94689669E-03   8.12348500E-02   2.80494033E-03   3.49199283E-03
           1.00999999       8.88692867E-03   7.84715638E-02   2.22796481E-03   4.12330544E-03
           1.01999998       8.20367131E-03   7.52429590E-02   2.05665152E-03   4.38840175E-03
           1.02999997       7.36613199E-03   7.27030262E-02   1.62348803E-03   4.89215041E-03
           1.03999996       6.79979706E-03   6.97744116E-02   1.49864610E-03   5.09133935E-03
           1.04999995       6.07511634E-03   6.73264936E-02   1.15836912E-03   5.55740297E-03
           1.05999994       5.60803944E-03   6.46036565E-02   1.06928684E-03   5.69052016E-03
           1.07000005       5.17687341E-03   6.20026998E-02   9.87055129E-04   5.80133731E-03
           1.08000004       4.64842794E-03   5.98833710E-02   7.52708234E-04   6.12689555E-03
           1.09000003       4.29103756E-03   5.74901141E-02   6.94817223E-04   6.18810719E-03
           1.10000002       3.85867432E-03   5.55911176E-02   5.00350900E-04   6.45242864E-03
           1.11000001       3.56200710E-03   5.32068163E-02   4.61869262E-04   6.82443613E-03
           1.12000000       3.19831050E-03   5.13609350E-02   3.27807385E-04   7.02086324E-03
           1.13000000       2.95241293E-03   4.93338704E-02   3.02594766E-04   6.99118292E-03
           1.13999999       2.63605546E-03   4.73247282E-02   1.99999500E-04   6.89870119E-03
           1.14999998       2.43338547E-03   4.54682447E-02   1.84615303E-04   6.84716040E-03
           1.15999997       2.24629790E-03   4.36909907E-02   1.70415267E-04   6.78686053E-03
           1.16999996       2.01576180E-03   4.21598852E-02   1.01656267E-04   6.88249851E-03
           1.17999995       1.86078297E-03   4.05215174E-02   9.38369558E-05   6.79919869E-03
           1.19000006       1.67030329E-03   3.91082130E-02   4.09825407E-05   6.85983384E-03
           1.20000005       1.54188450E-03   3.75966541E-02   3.78297009E-05   6.75795460E-03
           1.21000004       1.33933767E-03   3.56235057E-02   9.07323920E-05   6.74811751E-03
           1.22000003       1.23636448E-03   3.42662409E-02   8.37524422E-05   6.63186610E-03
           1.23000002       1.14130822E-03   3.29645239E-02   7.73093998E-05   6.51302421E-03
           1.24000001       1.05563470E-03   3.23381685E-02  -2.25648600E-05   6.54491549E-03
           1.25000000       9.74473718E-04   3.11050564E-02  -2.08288748E-05   6.41554222E-03
           1.25999999       8.78371240E-04   3.00105456E-02  -3.82222170E-05   6.37631118E-03
           1.26999998       8.10839178E-04   2.88714413E-02  -3.52814859E-05   6.24039769E-03
           1.27999997       7.48498598E-04   2.77785156E-02  -3.25672627E-05   6.10431517E-03
           1.28999996       6.69783971E-04   2.67815012E-02  -4.27283412E-05   6.05641538E-03
           1.29999995       6.18288585E-04   2.57725026E-02  -3.94410454E-05   5.91616705E-03
           1.30999994       5.54566621E-04   2.48711165E-02  -4.87260986E-05   5.85812470E-03
           1.32000005       5.11929393E-04   2.39378456E-02  -4.49772524E-05   5.71549824E-03
           1.33000004       4.72570391E-04   2.30417699E-02  -4.15166141E-05   5.57434419E-03
           1.34000003       4.25270526E-04   2.22238246E-02  -4.55875597E-05   5.49364975E-03
           1.35000002       3.92574206E-04   2.13952884E-02  -4.20799661E-05   5.35273924E-03
           1.36000001       3.51402588E-04   2.06371378E-02  -4.50745974E-05   5.27484715E-03
           1.37000000       3.24385561E-04   1.98707785E-02  -4.16062721E-05   5.13484096E-03
           1.38000000       2.99445615E-04   1.91344917E-02  -3.84049090E-05   4.99721989E-03
           1.38999999       2.68834614E-04   1.84478983E-02  -3.88685912E-05   4.90567461E-03
           1.39999998       2.48165568E-04   1.77670475E-02  -3.58777652E-05   4.77066031E-03
           1.40999997       2.22792965E-04   1.71317291E-02  -3.58852449E-05   4.67744889E-03
           1.41999996       2.05663891E-04   1.65018421E-02  -3.31239244E-05   4.54568351E-03
           1.42999995       1.89851664E-04   1.58963185E-02  -3.05750291E-05   4.41674376E-03
           1.44000006       1.68494691E-04   1.53120421E-02  -2.91202941E-05   4.32655262E-03
           1.45000005       1.55540256E-04   1.47525864E-02  -2.68794156E-05   4.20130417E-03
           1.46000004       1.43581754E-04   1.42145790E-02  -2.48109664E-05   4.07899125E-03
           1.47000003       1.28869317E-04   1.37114106E-02  -2.44452913E-05   3.98769602E-03
           1.48000002       1.18961390E-04   1.32130133E-02  -2.25641179E-05   3.86965019E-03
           1.49000001       1.06438652E-04   1.27397208E-02  -2.16548997E-05   3.77877615E-03
           1.50000000       9.82552883E-05   1.22782579E-02  -1.99884435E-05   3.66526283E-03
           1.50999999       9.07010472E-05   1.18343057E-02  -1.84501787E-05   3.55471042E-03
           1.51999998       8.11382488E-05   1.14125088E-02  -1.76354606E-05   3.46751884E-03
           1.52999997       7.49000465E-05   1.10011911E-02  -1.62782671E-05   3.36159277E-03
           1.53999996       6.91414680E-05   1.06053585E-02  -1.50255119E-05   3.25854099E-03
           1.54999995       6.18411868E-05   1.02291396E-02  -1.43093321E-05   3.17560765E-03
           1.55999994       5.70866214E-05   9.86224692E-03  -1.32080850E-05   3.07719316E-03
           1.57000005       5.13527521E-05   9.51339025E-03  -1.25147444E-05   2.99453549E-03
           1.58000004       4.74045919E-05   9.17319302E-03  -1.15515622E-05   2.90087727E-03
           1.59000003       4.37599374E-05   8.84565618E-03  -1.06625330E-05   2.80990545E-03
           1.60000002       3.89868947E-05   8.53046868E-03  -9.93643607E-06   2.73403828E-03
           1.61000001       3.59894439E-05   8.22683331E-03  -9.17170109E-06   2.64757057E-03
           1.62000000       3.32224372E-05   7.93444086E-03  -8.46579405E-06   2.56365049E-03
           1.63000000       2.95870486E-05   7.62188761E-03  -7.87576937E-06   2.47367262E-03
           1.63999999       2.73122914E-05   7.35177845E-03  -7.26961071E-06   2.39472464E-03
           1.64999998       2.52124246E-05   7.09162094E-03  -6.71009320E-06   2.31815130E-03
           1.65999997       2.26699831E-05   6.84376666E-03  -6.31836019E-06   2.25168210E-03
           1.66999996       2.09270311E-05   6.60220115E-03  -5.83204974E-06   2.17923312E-03
           1.67999995       1.93180895E-05   6.36948971E-03  -5.38317045E-06   2.10900255E-03
           1.69000006       1.70555613E-05   6.14131615E-03  -4.84943484E-06   2.04767170E-03
           1.70000005       1.57442682E-05   5.83598809E-03  -4.47617640E-06   1.96785014E-03
           1.71000004       1.40327056E-05   5.62950596E-03  -4.08576807E-06   1.90906832E-03
           1.72000003       1.29538194E-05   5.43220900E-03  -3.77129254E-06   1.84681977E-03
           1.73000002       1.19578872E-05   5.24208182E-03  -3.48100662E-06   1.78653037E-03
           1.74000001       1.06981615E-05   5.05905738E-03  -3.22057645E-06   1.73276814E-03
           1.75000000       9.87564817E-06   4.88244230E-03  -2.97268343E-06   1.67596655E-03
           1.75999999       9.11637198E-06   4.71218629E-03  -2.74386912E-06   1.62096357E-03
           1.76999998       8.11785230E-06   4.54697059E-03  -2.50096241E-06   1.57138472E-03
           1.77999997       7.49372339E-06   4.38883528E-03  -2.30845490E-06   1.51963194E-03
           1.78999996       6.91757896E-06   4.23637638E-03  -2.13076305E-06   1.46953657E-03
           1.79999995       6.14508872E-06   4.08962928E-03  -1.96735436E-06   1.42500165E-03
           1.80999994       5.67263351E-06   3.94789921E-03  -1.81591952E-06   1.37786008E-03
           1.82000005       5.23649987E-06   3.81123018E-03  -1.67613928E-06   1.33224146E-03
           1.83000004       4.42489181E-06   3.66839208E-03  -1.30130468E-06   1.28883310E-03
           1.84000003       4.08468941E-06   3.54193267E-03  -1.20113612E-06   1.24608539E-03
           1.85000002       3.77064384E-06   3.41996737E-03  -1.10867666E-06   1.20473083E-03
           1.86000001       3.54640906E-06   3.31117655E-03  -1.19715060E-06   1.16865616E-03
           1.87000000       3.27374869E-06   3.19721806E-03  -1.10499730E-06   1.12974271E-03
           1.88000000       3.02205081E-06   3.08729452E-03  -1.01993646E-06   1.09210366E-03
           1.88999999       2.68574217E-06   2.98075285E-03  -9.26590019E-07   1.05755252E-03
           1.89999998       2.47925277E-06   2.87850504E-03  -8.55262272E-07   1.02224585E-03
           1.90999997       2.28863883E-06   2.77987798E-03  -7.89424746E-07   9.88106709E-04
           1.91999996       2.11268002E-06   2.68471497E-03  -7.28655493E-07   9.55090683E-04
           1.92999995       1.90884111E-06   2.59354594E-03  -6.78997992E-07   9.24525841E-04
           1.94000006       1.76207914E-06   2.50493828E-03  -6.26727342E-07   8.93584976E-04
           1.95000005       1.62660433E-06   2.41944217E-03  -5.78481377E-07   8.63669906E-04
           1.96000004       1.44456180E-06   2.33662245E-03  -5.24666802E-07   8.35991639E-04
           1.97000003       1.33349897E-06   2.25704513E-03  -4.84276825E-07   8.07963777E-04
           1.98000002       1.23097436E-06   2.18025059E-03  -4.46996410E-07   7.80868751E-04
           1.99000001       1.09259940E-06   2.10587191E-03  -4.05070296E-07   7.55724090E-04
           2.00000000       1.00859620E-06   2.03437242E-03  -3.73886792E-07   7.30348984E-04
