          0.100000001       1360.68311       1105.01221       280.284088       208.468796    
          0.109999999       1172.48865       939.923340       261.003448       193.990036    
          0.119999997       929.538391       729.011536       236.556564       175.921677    
          0.129999995       801.171814       619.296204       218.565109       161.623459    
          0.140000001       687.738098       523.467224       200.616638       147.661926    
          0.150000006       542.440613       401.877045       178.343216       131.009293    
          0.159999996       466.427887       339.330902       162.940781       118.908752    
          0.170000002       402.537842       287.394531       149.005646       107.939705    
          0.180000007       346.018555       242.105667       135.496338       97.3626633    
          0.189999998       298.721832       205.121628       123.391182       88.0105667    
          0.200000003       257.006683       172.892014       112.105408       79.2743454    
          0.209999993       222.124756       146.356461       101.732979       71.2473221    
          0.219999999       191.346603       123.349083       92.1172180       63.8473701    
          0.230000004       165.766068       104.557465       83.4855270       57.2311096    
          0.239999995       141.767578       87.2113419       75.1273956       50.8199463    
          0.250000000       123.209106       74.0794601       68.0308533       45.4172630    
          0.259999990       105.616249       61.9345894       61.0509453       40.1572151    
          0.270000011       91.1989822       52.2198143       54.9602547       35.5961189    
          0.280000001       78.4648819       43.5945435       49.2843628       31.2908936    
          0.289999992       68.0827713       36.9907036       44.3642998       27.6828365    
          0.300000012       58.8807182       31.2799683       39.7853394       24.3461132    
          0.310000002       50.7805367       26.4264736       35.5959663       21.3418274    
          0.319999993       44.1981392       22.5784702       31.9451351       18.7488403    
          0.330000013       37.8785057       19.0390320       28.3911381       16.2391529    
          0.340000004       32.8051910       16.3414669       25.3582687       14.0635262    
          0.349999994       30.8947697       15.2647104       23.9033298       13.2280703    
          0.360000014       26.8906116       13.2191629       21.3650303       11.4620256    
          0.370000005       23.3240814       11.4561996       19.0353851       9.90867138    
          0.379999995       20.2467728       10.0018110       16.9468269       8.53366280    
          0.389999986       17.5975742       8.79348660       15.0633707       7.30491066    
          0.400000006       16.5727749       8.31256580       14.1955690       6.88688421    
          0.409999996       14.2471342       7.30339479       12.5160637       5.75261927    
          0.419999987       12.5839052       6.66758108       11.2144356       5.03005791    
          0.430000007       10.9840555       6.05429602       9.95003510       4.26696920    
          0.439999998       10.3443956       5.70432663       9.37550068       3.98016620    
          0.449999988       9.03129482       5.22798109       8.29794502       3.34900212    
          0.460000008       7.90130377       4.85281229       7.34640360       2.80387092    
          0.469999999       7.44117165       4.60366392       6.92164421       2.57169986    
          0.479999989       6.52319860       4.31048250       6.12086296       2.12915158    
          0.490000010       5.72273779       4.07742500       5.40387535       1.75030422    
          0.500000000       5.38947058       3.87050176       5.09108448       1.62956941    
          0.509999990       4.74982214       3.70612645       4.50312662       1.33155835    
          0.519999981       4.17329741       3.55473518       3.95950317       1.06487930    
          0.529999971       3.93026280       3.38325429       3.73010659      0.988733113    
          0.540000021       3.47020984       3.26853490       3.28644395      0.790269077    
          0.550000012       3.07300067       3.17379189       2.89583588      0.616681755    
          0.560000002       2.89404225       3.02765107       2.72793484      0.571071446    
          0.569999993       2.56675553       2.94653583       2.40001082      0.431805462    
          0.579999983       2.27419162       2.87559581       2.10309672      0.318541050    
          0.589999974       2.14175200       2.74874425       1.98107946      0.294382900    
          0.600000024       1.90061033       2.69251990       1.73289120      0.209043667    
          0.610000014       1.69666004       2.64086795       1.52020454      0.140019104    
          0.620000005       1.59785414       2.52802587       1.43195677      0.129392147    
          0.629999995       1.42296660       2.48265576       1.24809539       7.61111602E-02
          0.639999986       1.34009945       2.37842298       1.17561972       7.01003075E-02
          0.649999976       1.19704473       2.33381820       1.02518594       3.21152993E-02
          0.660000026       1.07233810       2.28763556      0.894832611       4.96737147E-03
          0.670000017       1.00988996       2.19275999      0.842847824       4.40025330E-03
          0.680000007      0.905217171       2.15268397      0.732542992      -1.47406263E-02
          0.689999998      0.852501452       2.06519437      0.689975321      -1.21037168E-02
          0.699999988      0.765491664       2.02665520      0.598600864      -2.41770744E-02
          0.709999979      0.720912457       1.94479275      0.563807905      -2.04610024E-02
          0.720000029      0.648454428       1.90747786      0.488254428      -2.70566940E-02
          0.730000019      0.584255755       1.86792231      0.422059298      -3.14683132E-02
          0.740000010      0.550231278       1.79344761      0.397519797      -2.62893047E-02
          0.750000000      0.496412843       1.75732005      0.342489123      -2.60492954E-02
          0.759999990      0.467504114       1.68786716      0.322572351      -2.04984341E-02
          0.769999981      0.422461718       1.65142143      0.277471989      -1.82487164E-02
          0.779999971      0.397859424       1.58647108      0.261333108      -1.30556421E-02
          0.790000021      0.360003322       1.55140400      0.224167630      -8.69639684E-03
          0.800000012      0.339038372       1.49015665      0.211127028      -4.45175171E-03
          0.810000002      0.307248205       1.45441902      0.181255266       1.16570794E-03
          0.819999993      0.289355487       1.39778006      0.170709416       5.72776794E-03
          0.829999983      0.262431175       1.36458051      0.145673200       1.16874380E-02
          0.839999974      0.247148395       1.31160259      0.137196407       1.54366493E-02
          0.850000024      0.225342467       1.27980721      0.117192768       2.10301075E-02
          0.860000014      0.212219596       1.23041141      0.110372365       2.43795719E-02
          0.870000005      0.192846656       1.19906223       9.35102403E-02   3.04017067E-02
          0.879999995      0.181616113       1.15297806       8.80673602E-02   3.32264118E-02
          0.889999986      0.165163383       1.12268639       7.42984265E-02   3.90646458E-02
          0.899999976      0.155544981       1.08576953       6.99733049E-02   4.76291962E-02
          0.910000026      0.141547829       1.05598342       5.87249398E-02   5.24927787E-02
          0.920000017      0.133304611       1.01040244       5.53059727E-02   4.87740040E-02
          0.930000007      0.121929705      0.982209861       4.64413613E-02   5.28059006E-02
          0.939999998      0.114828952      0.944832146       4.37372774E-02   5.41296005E-02
          0.949999988      0.104605228      0.917740822       3.62850390E-02   5.85512705E-02
          0.959999979       9.85134467E-02  0.882871926       3.41721326E-02   5.93756028E-02
          0.970000029       8.97767320E-02  0.850659609       2.81122774E-02   7.62935057E-02
          0.980000019       8.45485255E-02  0.818376362       2.64751222E-02   7.62204751E-02
          0.990000010       7.74162486E-02  0.793888807       2.18308438E-02   7.88804293E-02
           1.00000000       7.29078725E-02  0.763756216       2.05593985E-02   7.84154758E-02
           1.00999999       6.64545074E-02  0.740369797       1.66602340E-02   8.11570510E-02
           1.01999998       6.25845119E-02  0.712480366       1.56898666E-02   8.05420503E-02
           1.02999997       5.73302805E-02  0.690411568       1.26355393E-02   8.22656155E-02
           1.03999996       5.39916269E-02  0.664588928       1.18995234E-02   8.14297572E-02
           1.04999995       4.92119826E-02  0.641840279       9.38346237E-03   8.17403793E-02
           1.05999994       4.63461019E-02  0.617656946       8.83683283E-03   8.05939436E-02
           1.07000005       4.36471254E-02  0.594548702       8.32203310E-03   7.95362368E-02
           1.08000004       3.99834365E-02  0.573228419       6.47441298E-03   8.58956203E-02
           1.09000003       3.76549661E-02  0.540713489       6.09719986E-03   7.32818842E-02
           1.10000002       3.45448889E-02  0.524359941       4.47940314E-03   7.44701996E-02
           1.11000001       3.25331688E-02  0.504834890       4.21843072E-03   7.32649192E-02
           1.12000000       2.98014972E-02  0.488628864       3.05447355E-03   7.40947351E-02
           1.13000000       2.80660018E-02  0.470482856       2.87650269E-03   7.27731362E-02
           1.13999999       2.55648792E-02  0.455032587       1.93962827E-03   7.35942721E-02
           1.14999998       2.40760911E-02  0.438174337       1.82659796E-03   7.21603036E-02
           1.15999997       2.26740148E-02  0.421967268       1.72016397E-03   7.07230195E-02
           1.16999996       2.07580272E-02  0.408144563       1.04684138E-03   7.09795952E-02
           1.17999995       1.95491780E-02  0.393055588       9.85840918E-04   6.94771782E-02
           1.19000006       1.79025270E-02  0.380205244       4.39257681E-04   6.95606843E-02
           1.20000005       1.68599579E-02  0.366208941       4.13654983E-04   6.80070743E-02
           1.21000004       1.49410367E-02  0.347275257       1.01216941E-03   6.78277239E-02
           1.22000003       1.40709383E-02  0.334589630       9.53176990E-04   6.62440062E-02
           1.23000002       1.32515095E-02  0.322148710       8.97623599E-04   6.51611686E-02
           1.24000001       1.25043718E-02  0.317091256      -2.67288327E-04   6.52902946E-02
           1.25000000       1.17761781E-02  0.305494785      -2.51710415E-04   6.36966005E-02
           1.25999999       1.08292438E-02  0.295311809      -4.71232459E-04   6.31397367E-02
           1.26999998       1.01985997E-02  0.284529001      -4.43765282E-04   6.15469627E-02
           1.27999997       9.60467849E-03  0.274005771      -4.17900592E-04   6.02785349E-02
           1.28999996       8.76824092E-03  0.264401644      -5.59362874E-04   5.95219731E-02
           1.29999995       8.25761631E-03  0.254789561      -5.26757911E-04   5.79747967E-02
           1.30999994       7.55619397E-03  0.246316075      -6.63913146E-04   5.74045591E-02
           1.32000005       7.11615430E-03  0.237023830      -6.25213317E-04   5.55212088E-02
           1.33000004       6.70174276E-03  0.228429899      -5.88766590E-04   5.40334396E-02
           1.34000003       6.15279516E-03  0.220308140      -6.59558631E-04   5.40081747E-02
           1.35000002       5.79448650E-03  0.212336883      -6.21109910E-04   5.25280945E-02
           1.36000001       5.29156066E-03  0.205125391      -6.78751327E-04   5.18333316E-02
           1.37000000       4.98340419E-03  0.197499320      -6.39180013E-04   5.01671135E-02
           1.38000000       4.69319429E-03  0.190377191      -6.01917796E-04   4.87634726E-02
           1.38999999       4.29854868E-03  0.183784068      -6.21491752E-04   4.79484797E-02
           1.39999998       4.04821848E-03  0.177171662      -5.85258647E-04   4.65872884E-02
           1.40999997       3.70774209E-03  0.171050251      -5.97206119E-04   4.57683913E-02
           1.41999996       3.49182077E-03  0.164909586      -5.62387810E-04   4.44517471E-02
           1.42999995       3.28847580E-03  0.158167973      -5.29599085E-04   4.32056673E-02
           1.44000006       2.97750602E-03  0.152474388      -5.14590822E-04   4.24391329E-02
           1.45000005       2.80410796E-03  0.147011846      -4.84586839E-04   4.11964096E-02
           1.46000004       2.64080870E-03  0.141759083      -4.56332375E-04   3.99899147E-02
           1.47000003       2.41809455E-03  0.136894941      -4.58689727E-04   3.92044745E-02
           1.48000002       2.27727671E-03  0.132013544      -4.31944762E-04   3.80442776E-02
           1.49000001       2.07871501E-03  0.127397403      -4.22913727E-04   3.72588299E-02
           1.50000000       1.95765914E-03  0.122864783      -3.98254022E-04   3.61457765E-02
           1.50999999       1.84365467E-03  0.118498482      -3.75031814E-04   3.50637771E-02
           1.51999998       1.68259256E-03  0.113946766      -3.65712680E-04   3.38880420E-02
           1.52999997       1.58460531E-03  0.109905124      -3.44387401E-04   3.28664184E-02
           1.53999996       1.49232429E-03  0.106011115      -3.24305292E-04   3.18737924E-02
           1.54999995       1.36172271E-03  0.102330081      -3.15086916E-04   3.11704185E-02
           1.55999994       1.28242292E-03   9.87121835E-02  -2.96713086E-04   3.02217361E-02
           1.57000005       1.17691827E-03   9.52920094E-02  -2.86816852E-04   2.95006838E-02
           1.58000004       1.10837969E-03   9.19297859E-02  -2.70090386E-04   2.85970215E-02
           1.59000003       1.04383298E-03   8.86894464E-02  -2.54339917E-04   2.77196765E-02
           1.60000002       9.48766072E-04   8.55702832E-02  -2.41808244E-04   2.70671789E-02
           1.61000001       8.93513614E-04   8.25608000E-02  -2.27706783E-04   2.62314919E-02
           1.62000000       8.41479108E-04   7.94182718E-02  -2.14427171E-04   2.54360288E-02
           1.63000000       7.64538709E-04   7.62763545E-02  -2.03512376E-04   2.45991703E-02
           1.63999999       7.20015785E-04   7.36013129E-02  -1.91643878E-04   2.38345135E-02
           1.64999998       6.78085082E-04   7.10189268E-02  -1.80467105E-04   2.30924916E-02
           1.65999997       6.22022955E-04   6.85800239E-02  -1.73364300E-04   2.25052685E-02
           1.66999996       5.85799513E-04   6.61817491E-02  -1.63253586E-04   2.18015369E-02
           1.67999995       5.51685516E-04   6.38697222E-02  -1.53732486E-04   2.11191848E-02
           1.69000006       4.96911991E-04   6.15740977E-02  -1.41287790E-04   2.05763821E-02
           1.70000005       4.67974023E-04   5.86580522E-02  -1.33047448E-04   1.97997037E-02
           1.71000004       4.25526290E-04   5.65881990E-02  -1.23896345E-04   1.92688052E-02
           1.72000003       4.00745572E-04   5.46034463E-02  -1.16670468E-04   1.86934825E-02
           1.73000002       3.77408374E-04   5.26798517E-02  -1.09865658E-04   1.81554165E-02
           1.74000001       3.44470347E-04   5.07395007E-02  -1.03699451E-04   1.76301170E-02
           1.75000000       3.24409833E-04   4.89801802E-02  -9.76511146E-05   1.70705374E-02
           1.75999999       3.05517839E-04   4.72260900E-02  -9.19555532E-05   1.65770352E-02
           1.76999998       2.77550280E-04   4.55178209E-02  -8.55081671E-05   1.60659272E-02
           1.77999997       2.61386973E-04   4.39157151E-02  -8.05207310E-05   1.56112164E-02
           1.78999996       2.46164855E-04   4.23988439E-02  -7.58240712E-05   1.51135586E-02
           1.79999995       2.23093186E-04   4.08994742E-02  -7.14234266E-05   1.46669997E-02
           1.80999994       2.10101323E-04   3.94894741E-02  -6.72574897E-05   1.41980285E-02
           1.82000005       1.97865869E-04   3.81292254E-02  -6.33344243E-05   1.37438076E-02
           1.83000004       1.70576081E-04   3.66005488E-02  -5.01642535E-05   1.33194728E-02
           1.84000003       1.60642550E-04   3.53448577E-02  -4.72382526E-05   1.28927277E-02
           1.85000002       1.51287546E-04   3.41333300E-02  -4.44828293E-05   1.24795018E-02
           1.86000001       1.45165061E-04   3.31450105E-02  -4.90029342E-05   1.21614337E-02
           1.87000000       1.36711271E-04   3.20087969E-02  -4.61445125E-05   1.17703639E-02
           1.88000000       1.28749874E-04   3.09124440E-02  -4.34528483E-05   1.13917412E-02
           1.88999999       1.16733492E-04   2.98449863E-02  -4.02734477E-05   1.10653006E-02
           1.89999998       1.09935434E-04   2.88247261E-02  -3.79241646E-05   1.07086189E-02
           1.90999997       1.03533210E-04   2.78403070E-02  -3.57119243E-05   1.03633953E-02
           1.91999996       9.75039802E-05   2.68901959E-02  -3.36287594E-05   1.00291744E-02
           1.92999995       8.98761573E-05   2.59879380E-02  -3.19700448E-05   9.73631069E-03
           1.94000006       8.46420517E-05   2.51024812E-02  -3.01050459E-05   9.42179840E-03
           1.95000005       7.97128450E-05   2.42479052E-02  -2.83488826E-05   9.11738724E-03
           1.96000004       7.22217956E-05   2.34167203E-02  -2.62310496E-05   8.85172375E-03
           1.97000003       6.80159646E-05   2.26210561E-02  -2.47008484E-05   8.56527220E-03
           1.98000002       6.40550352E-05   2.18530521E-02  -2.32599268E-05   8.28805193E-03
           1.99000001       5.80030610E-05   2.11063419E-02  -2.15040545E-05   8.04494508E-03
           2.00000000       5.46251977E-05   2.03911047E-02  -2.02495721E-05   7.78418547E-03
