          0.100000001       1360.68311       1093.29907       280.284088       202.103958    
          0.109999999       1172.48865       929.002502       261.003448       187.580933    
          0.119999997       929.538391       719.300781       236.556564       170.234375    
          0.129999995       801.171814       610.162537       218.565109       156.306015    
          0.140000001       687.738098       514.937500       200.616638       142.727768    
          0.150000006       542.440613       393.621857       178.343216       125.925621    
          0.159999996       466.427887       332.345245       162.940781       114.908630    
          0.170000002       402.537842       280.854584       149.005646       104.222809    
          0.180000007       346.018555       236.058884       135.496338       93.9259109    
          0.189999998       298.721832       199.537613       123.391182       84.8943863    
          0.200000003       257.006683       167.766464       112.105408       76.4089813    
          0.209999993       222.124756       141.675049       101.732979       68.6165543    
          0.219999999       191.346603       119.058197       92.1172180       61.4112549    
          0.230000004       165.766068       100.647545       83.4855270       54.9727364    
          0.239999995       141.767578       83.6910477       75.1273956       48.7433052    
          0.250000000       123.209106       70.8856735       68.0308533       43.4687614    
          0.259999990       105.616249       59.0866280       61.0509453       38.3842163    
          0.270000011       91.1989822       49.6736641       54.9602547       33.9653587    
          0.280000001       78.4648819       41.3279533       49.2843628       29.7870483    
          0.289999992       68.0827713       34.9850769       44.3642998       26.3054962    
          0.300000012       58.8807182       29.5274601       39.7853394       23.0873051    
          0.310000002       50.7805367       24.9053555       35.5959663       20.1788635    
          0.319999993       44.1981392       21.2821426       31.9451351       17.6925564    
          0.330000013       37.8785057       17.9672146       28.3911381       15.2870436    
          0.340000004       32.8051910       15.4641447       25.3582687       13.1929178    
          0.349999994       30.8947697       14.4315691       23.9033298       12.3978539    
          0.360000014       26.8906116       12.5246935       21.3650303       10.7537889    
          0.370000005       23.3240814       10.9454384       19.0353851       9.22642612    
          0.379999995       20.2467728       9.64111710       16.9468269       7.92594099    
          0.389999986       17.5975742       8.57602596       15.0633707       6.76889038    
          0.400000006       16.5727749       8.05369568       14.1955690       6.30607176    
          0.409999996       14.2471342       7.24853468       12.5160637       5.30360508    
          0.419999987       12.5839052       6.64315557       11.2144356       4.56752634    
          0.430000007       10.9840555       6.19711637       9.95003510       3.92092228    
          0.439999998       10.3443956       5.86145020       9.37550068       3.65175247    
          0.449999988       9.03129482       5.47636795       8.29794502       3.06966186    
          0.460000008       7.90130377       5.18702412       7.34640360       2.56928635    
          0.469999999       7.44117165       4.95286179       6.92164421       2.35012817    
          0.479999989       6.52319860       4.73240900       6.12086296       1.94990921    
          0.490000010       5.72273779       4.55629683       5.40387535       1.60109222    
          0.500000000       5.38947058       4.35316801       5.09108448       1.49188852    
          0.509999990       4.74982214       4.24301481       4.50312662       1.22467041    
          0.519999981       4.17329741       4.13987255       3.95950317      0.988526344    
          0.529999971       3.93026280       3.96558571       3.73010659      0.920729160    
          0.540000021       3.47020984       3.89121270       3.28644395      0.749087811    
          0.550000012       3.07300067       3.83140755       2.89583588      0.598596275    
          0.560000002       2.89404225       3.67934895       2.72793484      0.559436798    
          0.569999993       2.56675553       3.63078046       2.40001082      0.444172233    
          0.579999983       2.27419162       3.58600330       2.10309672      0.349752098    
          0.589999974       2.14175200       3.45004010       1.98107946      0.329838127    
          0.600000024       1.90061033       3.41601300       1.73289120      0.263039917    
          0.610000014       1.69666004       3.37845230       1.52020454      0.206458092    
          0.620000005       1.59785414       3.25426865       1.43195677      0.198712826    
          0.629999995       1.42296660       3.22286153       1.24809539      0.159229919    
          0.639999986       1.34009945       3.10689807       1.17561972      0.155499294    
          0.649999976       1.19704473       3.07234287       1.02518594      0.129737854    
          0.660000026       1.07233810       3.03378940      0.894832611      0.112544857    
          0.670000017       1.00988996       2.92514873      0.842847824      0.111491360    
          0.680000007      0.905217171       2.88906479      0.732542992      0.101708092    
          0.689999998      0.852501452       2.78702474      0.689975321      0.104269981    
          0.699999988      0.765491664       2.75078321      0.598600864       9.99997482E-02
          0.709999979      0.720912457       2.65429807      0.563807905      0.103677429    
          0.720000029      0.648454428       2.61721683      0.488254428      0.103699207    
          0.730000019      0.584255755       2.57767844      0.422059298      0.107076965    
          0.740000010      0.550231278       2.48889232      0.397519797      0.111348309    
          0.750000000      0.496412843       2.44979692      0.342489123      0.116232239    
          0.759999990      0.467504114       2.36556673      0.322572351      0.120158993    
          0.769999981      0.422461718       2.32403827      0.277471989      0.125498936    
          0.779999971      0.397859424       2.24442315      0.261333108      0.129096508    
          0.790000021      0.360003322       2.20414042      0.224167630      0.136589050    
          0.800000012      0.339038372       2.12902904      0.211127028      0.139798477    
          0.810000002      0.307248205       2.08644414      0.181255266      0.147796944    
          0.819999993      0.289355487       2.01498795      0.170709416      0.149593756    
          0.829999983      0.262431175       1.97457266      0.145673200      0.157235146    
          0.839999974      0.247148395       1.90728056      0.137196407      0.158594683    
          0.850000024      0.225342467       1.86798751      0.117192768      0.165268421    
          0.860000014      0.212219596       1.80494583      0.110372365      0.166598722    
          0.870000005      0.192846656       1.76553166       9.35102403E-02  0.173719570    
          0.879999995      0.181616113       1.70615280       8.80673602E-02  0.174139500    
          0.889999986      0.165163383       1.66767311       7.42984265E-02  0.180648327    
          0.899999976      0.155544981       1.61215878       6.99733049E-02  0.180916861    
          0.910000026      0.141547829       1.57478571       5.87249398E-02  0.186578751    
          0.920000017      0.133304611       1.52203333       5.53059727E-02  0.185965702    
          0.930000007      0.121929705       1.49082029       4.64413613E-02  0.195373937    
          0.939999998      0.114828952       1.44005251       4.37372774E-02  0.192910030    
          0.949999988      0.104605228       1.40111959       3.62850390E-02  0.193831846    
          0.959999979       9.85134467E-02   1.35444689       3.41721326E-02  0.192036465    
          0.970000029       8.97767320E-02   1.31990230       2.81122774E-02  0.195349216    
          0.980000019       8.45485255E-02   1.27583838       2.64751222E-02  0.193147585    
          0.990000010       7.74162486E-02   1.24227905       2.18308438E-02  0.195220068    
           1.00000000       7.29078725E-02   1.20110261       2.05593985E-02  0.192705154    
           1.00999999       6.64545074E-02   1.16868675       1.66602340E-02  0.194710061    
           1.01999998       6.25845119E-02   1.12997389       1.56898666E-02  0.191822127    
           1.02999997       5.73302805E-02   1.09937692       1.26355393E-02  0.192863539    
           1.03999996       5.39916269E-02   1.06320906       1.18995234E-02  0.189982697    
           1.04999995       4.92119826E-02   1.03335035       9.38346237E-03  0.191243291    
           1.05999994       4.63461019E-02  0.999337196       8.83683283E-03  0.187963963    
           1.07000005       4.36471254E-02  0.966268778       8.32203310E-03  0.184440061    
           1.08000004       3.99834365E-02  0.938347042       6.47441298E-03  0.183466509    
           1.09000003       3.76549661E-02  0.907510281       6.09719986E-03  0.180224732    
           1.10000002       3.45448889E-02  0.882880688       4.47940314E-03  0.179988027    
           1.11000001       3.25331688E-02  0.853958309       4.21843072E-03  0.176463246    
           1.12000000       2.98014972E-02  0.822463214       3.05447355E-03  0.187537983    
           1.13000000       2.80660018E-02  0.795518577       2.87650269E-03  0.183533028    
           1.13999999       2.55648792E-02  0.769840419       1.93962827E-03  0.187743470    
           1.14999998       2.40760911E-02  0.744612396       1.82659796E-03  0.183381155    
           1.15999997       2.26740148E-02  0.720415533       1.72016397E-03  0.179256245    
           1.16999996       2.07580272E-02  0.699441254       1.04684138E-03  0.177501678    
           1.17999995       1.95491780E-02  0.676681042       9.85840918E-04  0.173368216    
           1.19000006       1.79025270E-02  0.657071233       4.39257681E-04  0.171554133    
           1.20000005       1.68599579E-02  0.635807931       4.13654983E-04  0.167500615    
           1.21000004       1.49410367E-02  0.608360350       1.01216941E-03  0.164558426    
           1.22000003       1.40709383E-02  0.588828027       9.53176990E-04  0.160592899    
           1.23000002       1.32515095E-02  0.569829643       8.97623599E-04  0.156582430    
           1.24000001       1.25043718E-02  0.560353279      -2.67288327E-04  0.155263424    
           1.25000000       1.17761781E-02  0.542324603      -2.51710415E-04  0.151428044    
           1.25999999       1.08292438E-02  0.516470432      -4.71232459E-04  0.139279768    
           1.26999998       1.01985997E-02  0.499874115      -4.43765282E-04  0.135840550    
           1.27999997       9.60467849E-03  0.483832926      -4.17900592E-04  0.132470310    
           1.28999996       8.76824092E-03  0.469192863      -5.59362874E-04  0.130553246    
           1.29999995       8.25761631E-03  0.454170853      -5.26757911E-04  0.127260759    
           1.30999994       7.55619397E-03  0.440755457      -6.63913146E-04  0.125353560    
           1.32000005       7.11615430E-03  0.426670313      -6.25213317E-04  0.122144021    
           1.33000004       6.70174276E-03  0.413053036      -5.88766590E-04  0.119005322    
           1.34000003       6.15279516E-03  0.400615960      -6.59558631E-04  0.116915703    
           1.35000002       5.79448650E-03  0.387856811      -6.21109910E-04  0.113874018    
           1.36000001       5.29156066E-03  0.376185149      -6.78751327E-04  0.111936055    
           1.37000000       4.98340419E-03  0.364228815      -6.39180013E-04  0.108988367    
           1.38000000       4.69319429E-03  0.352666765      -6.01917796E-04  0.106110096    
           1.38999999       4.29854868E-03  0.341873050      -6.21491752E-04  0.104062200    
           1.39999998       4.04821848E-03  0.331044644      -5.85258647E-04  0.101286530    
           1.40999997       3.70774209E-03  0.320931405      -5.97206119E-04   9.92777944E-02
           1.41999996       3.49182077E-03  0.310788125      -5.62387810E-04   9.66051593E-02
           1.42999995       3.28847580E-03  0.300976962      -5.29599085E-04   9.39985812E-02
           1.44000006       2.97750602E-03  0.291473627      -5.14590822E-04   9.21134278E-02
           1.45000005       2.80410796E-03  0.282263726      -4.84586839E-04   8.96011814E-02
           1.46000004       2.64080870E-03  0.273241550      -4.56332375E-04   8.74475017E-02
           1.47000003       2.41809455E-03  0.264707059      -4.58689727E-04   8.60676467E-02
           1.48000002       2.27727671E-03  0.256398052      -4.31944762E-04   8.37005153E-02
           1.49000001       2.07871501E-03  0.248491332      -4.22913727E-04   8.18679109E-02
           1.50000000       1.95765914E-03  0.240560889      -3.98254022E-04   7.98960924E-02
           1.50999999       1.84365467E-03  0.233034983      -3.75031814E-04   7.76800737E-02
           1.51999998       1.68259256E-03  0.225871399      -3.65712680E-04   7.59368539E-02
           1.52999997       1.58460531E-03  0.218819499      -3.44387401E-04   7.38177970E-02
           1.53999996       1.49232429E-03  0.211638883      -3.24305292E-04   7.24679008E-02
           1.54999995       1.36172271E-03  0.204932511      -3.15086916E-04   7.05821514E-02
           1.55999994       1.28242292E-03  0.198554233      -2.96713086E-04   6.85987249E-02
           1.57000005       1.17691827E-03  0.192130744      -2.86816852E-04   6.65999725E-02
           1.58000004       1.10837969E-03  0.186162844      -2.70090386E-04   6.47208542E-02
           1.59000003       1.04383298E-03  0.180386305      -2.54339917E-04   6.28927574E-02
           1.60000002       9.48766072E-04  0.174304426      -2.41808244E-04   6.17335923E-02
           1.61000001       8.93513614E-04  0.168906972      -2.27706783E-04   5.99821024E-02
           1.62000000       8.41479108E-04  0.162755266      -2.14427171E-04   5.78949489E-02
           1.63000000       7.64538709E-04  0.157074749      -2.03512376E-04   5.61042577E-02
           1.63999999       7.20015785E-04  0.151853874      -1.91643878E-04   5.41345030E-02
           1.64999998       6.78085082E-04  0.147157967      -1.80467105E-04   5.25868833E-02
           1.65999997       6.22022955E-04  0.142692313      -1.73364300E-04   5.12739718E-02
           1.66999996       5.85799513E-04  0.138298765      -1.63253586E-04   4.98070717E-02
           1.67999995       5.51685516E-04  0.134044975      -1.53732486E-04   4.83812392E-02
           1.69000006       4.96911991E-04  0.129831627      -1.41287790E-04   4.71609347E-02
           1.70000005       4.67974023E-04  0.123909093      -1.33047448E-04   4.52120751E-02
           1.71000004       4.25526290E-04  0.120070934      -1.23896345E-04   4.40422408E-02
           1.72000003       4.00745572E-04  0.116393685      -1.16670468E-04   4.27724980E-02
           1.73000002       3.77408374E-04  0.112832732      -1.09865658E-04   4.15388159E-02
           1.74000001       3.44470347E-04  0.109281071      -1.03699451E-04   4.04681675E-02
           1.75000000       3.24409833E-04  0.105944216      -9.76511146E-05   3.92979123E-02
           1.75999999       3.05517839E-04  0.102712013      -9.19555532E-05   3.81609164E-02
           1.76999998       2.77550280E-04   9.95533243E-02  -8.55081671E-05   3.71563025E-02
           1.77999997       2.61386973E-04   9.65225473E-02  -8.05207310E-05   3.60789113E-02
           1.78999996       2.46164855E-04   9.35867056E-02  -7.58240712E-05   3.50323170E-02
           1.79999995       2.23093186E-04   9.07516703E-02  -7.14234266E-05   3.41279618E-02
           1.80999994       2.10101323E-04   8.79965201E-02  -6.72574897E-05   3.31356116E-02
           1.82000005       1.97865869E-04   8.53273347E-02  -6.33344243E-05   3.21717821E-02
           1.83000004       1.70576081E-04   8.24126825E-02  -5.01642535E-05   3.12512629E-02
           1.84000003       1.60642550E-04   7.99221992E-02  -4.72382526E-05   3.03414408E-02
           1.85000002       1.51287546E-04   7.75091425E-02  -4.44828293E-05   2.94578876E-02
           1.86000001       1.45165061E-04   7.54414275E-02  -4.90029342E-05   2.87242979E-02
           1.87000000       1.36711271E-04   7.31640235E-02  -4.61445125E-05   2.78857201E-02
           1.88000000       1.28749874E-04   7.09572062E-02  -4.34528483E-05   2.70714145E-02
           1.88999999       1.16733492E-04   6.88038170E-02  -4.02734477E-05   2.63391212E-02
           1.89999998       1.09935434E-04   6.67325035E-02  -3.79241646E-05   2.55688746E-02
           1.90999997       1.03533210E-04   6.47255033E-02  -3.57119243E-05   2.48211026E-02
           1.91999996       9.75039802E-05   6.27802834E-02  -3.36287594E-05   2.40950007E-02
           1.92999995       8.98761573E-05   6.09170012E-02  -3.19700448E-05   2.34355852E-02
           1.94000006       8.46420517E-05   5.90892844E-02  -3.01050459E-05   2.27492396E-02
           1.95000005       7.97128450E-05   5.73178716E-02  -2.83488826E-05   2.20829174E-02
           1.96000004       7.22217956E-05   5.55906296E-02  -2.62310496E-05   2.14787796E-02
           1.97000003       6.80159646E-05   5.39272428E-02  -2.47008484E-05   2.08489727E-02
           1.98000002       6.40550352E-05   5.23149706E-02  -2.32599268E-05   2.02375930E-02
           1.99000001       5.80030610E-05   5.07432669E-02  -2.15040545E-05   1.96814593E-02
           2.00000000       5.46251977E-05   4.92143631E-02  -2.02495721E-05   1.91330090E-02
