          0.100000001       926.922668       737.446838       190.934738       142.828003    
          0.109999999       767.402527       599.706909       170.828690       126.617638    
          0.119999997       584.534607       443.825684       148.757141       109.870461    
          0.129999995       484.057281       359.967438       132.054123       96.5868530    
          0.140000001       399.229279       290.229706       116.457191       84.2994919    
          0.150000006       302.537842       211.866989       99.4681778       71.2574844    
          0.159999996       249.942581       170.273361       87.3143539       61.6443024    
          0.170000002       207.248169       137.153488       76.7161331       53.2314034    
          0.180000007       171.163681       109.731789       67.0254669       45.7615471    
          0.189999998       141.973587       88.2737198       58.6441460       39.4576035    
          0.200000003       117.358086       70.5610580       51.1911774       33.8497658    
          0.209999993       97.4526901       56.5992737       44.6332664       28.9468021    
          0.219999999       80.6577072       45.1617317       38.8298721       24.6727676    
          0.230000004       67.1349792       36.2202721       33.8114967       21.0065708    
          0.239999995       55.1643486       28.5538273       29.2334309       17.6945591    
          0.250000000       46.0630302       22.9214935       25.4340534       14.9700098    
          0.259999990       37.9375000       18.1195068       21.9295807       12.5315704    
          0.270000011       31.4743099       14.4621763       18.9677124       10.4990911    
          0.280000001       26.0177555       11.4103994       16.3419399       8.69150829    
          0.289999992       21.6900158       9.25165844       14.1337099       7.18095636    
          0.300000012       18.0228653       7.48495102       12.1779404       5.93765068    
          0.310000002       14.9340057       6.19291162       10.4683867       4.97626448    
          0.319999993       12.4885302       5.05325603       9.02634811       4.01065016    
          0.330000013       10.2832022       4.27475357       7.70758581       3.30731130    
          0.340000004       8.55670071       3.64447975       6.61429167       2.67605209    
          0.349999994       7.74242353       3.29596257       5.99032545       2.36262250    
          0.360000014       6.47472000       2.88819909       5.14427042       1.90772665    
          0.370000005       5.39576530       2.57932997       4.40362358       1.52298558    
          0.379999995       4.50020742       2.35201049       3.76673532       1.20700705    
          0.389999986       3.75800896       2.17498136       3.21682286      0.938063323    
          0.400000006       3.40038562       2.02278829       2.91263318      0.824669540    
          0.409999996       2.80859184       1.93801630       2.46733952      0.631012619    
          0.419999987       2.38344383       1.85061300       2.12406039      0.498545974    
          0.430000007       1.99885035       1.79687881       1.81068182      0.380896181    
          0.439999998       1.80863583       1.69732535       1.63923228      0.334170669    
          0.449999988       1.51713479       1.66283762       1.39394200      0.253552347    
          0.460000008       1.27526748       1.64120829       1.18570673      0.191242293    
          0.469999999       1.15390980       1.59475529       1.07334626      0.162959024    
          0.479999989      0.971894979       1.57414579      0.911950827      0.121867813    
          0.490000010      0.819201469       1.56134796      0.773556888       8.75288621E-02
          0.500000000      0.741244078       1.49189758      0.700205326       8.33662376E-02
          0.509999990      0.627654731       1.47762215      0.595055640       6.89794198E-02
          0.519999981      0.529847562       1.45992720      0.502703965       6.06964417E-02
          0.529999971      0.479425907       1.39427531      0.455010176       6.06541634E-02
          0.540000021      0.406709105       1.37624228      0.385171682       5.80039807E-02
          0.550000012      0.346034169       1.35523570      0.326084614       5.83031960E-02
          0.560000002      0.313104630       1.29658806      0.295133561       6.14106655E-02
          0.569999993      0.266807079       1.27400267      0.249474451       6.31059781E-02
          0.579999983      0.227126658       1.25020278      0.210039198       6.73108920E-02
          0.589999974      0.205512643       1.19607854      0.190095201       7.06920624E-02
          0.600000024      0.175222769       1.17157137      0.159760252       7.55507946E-02
          0.610000014      0.150286719       1.14517617      0.134656653       8.03898945E-02
          0.620000005      0.135985062       1.09529638      0.121866383       8.30088481E-02
          0.629999995      0.116352819       1.06929862      0.102053992       8.79512653E-02
          0.639999986      0.105280399       1.02214992       9.23585966E-02   8.91000032E-02
          0.649999976       9.03543606E-02  0.994697750       7.73822740E-02   9.29847583E-02
          0.660000026       7.77675509E-02  0.966176987       6.48945943E-02   9.69909802E-02
          0.670000017       7.03670308E-02  0.923695147       5.87278865E-02   9.77924690E-02
          0.680000007       6.06004447E-02  0.896659851       4.90406454E-02  0.101177774    
          0.689999998       5.48336096E-02  0.856453717       4.43797894E-02  0.102621675    
          0.699999988       4.73063998E-02  0.834890068       3.69927585E-02  0.109933138    
          0.709999979       4.28046286E-02  0.797854245       3.34764421E-02  0.109017253    
          0.720000029       3.69926468E-02  0.771171749       2.78536528E-02  0.109637462    
          0.730000019       3.20233852E-02  0.738099575       2.31333021E-02  0.124579705    
          0.740000010       2.89759543E-02  0.705185175       2.09339503E-02  0.122351527    
          0.750000000       2.51167566E-02  0.680771589       1.73287559E-02  0.122083068    
          0.759999990       2.27265880E-02  0.649902463       1.56810787E-02  0.119103469    
          0.769999981       1.97317004E-02  0.626639783       1.29597411E-02  0.118402563    
          0.779999971       1.78539753E-02  0.598605514       1.17273470E-02  0.115676187    
          0.790000021       1.55217322E-02  0.576628625       9.66510456E-03  0.114593305    
          0.800000012       1.40446424E-02  0.550799251       8.74592364E-03  0.111706041    
          0.810000002       1.22286677E-02  0.529882014       7.21407123E-03  0.110292815    
          0.819999993       1.10649653E-02  0.506129742       6.52793562E-03  0.107303105    
          0.829999983       9.64189135E-03  0.475427002       5.35212830E-03   9.43736434E-02
          0.839999974       8.72434024E-03  0.454097271       4.84303385E-03   9.18343067E-02
          0.850000024       7.64268776E-03  0.436428040       3.97469569E-03   9.03564915E-02
          0.860000014       6.91538723E-03  0.416836143       3.59659339E-03   8.77698287E-02
          0.870000005       6.03770046E-03  0.400354058       2.92764604E-03   8.62374082E-02
          0.879999995       5.46313450E-03  0.382376403       2.64912541E-03   8.36342350E-02
          0.889999986       4.77342121E-03  0.367041379       2.14731437E-03   8.19705948E-02
          0.899999976       4.31916723E-03  0.350558043       1.94301608E-03   7.93834329E-02
          0.910000026       3.77637590E-03  0.336360902       1.56673137E-03   7.76343942E-02
          0.920000017       3.41700693E-03  0.321256667       1.41766190E-03   7.50894174E-02
          0.930000007       3.00287991E-03  0.308068007       1.14375609E-03   7.32160583E-02
          0.939999998       2.71711964E-03  0.294238657       1.03492534E-03   7.07392991E-02
          0.949999988       2.37814570E-03  0.282050997       8.24921706E-04   6.89192340E-02
          0.959999979       2.15183641E-03  0.269395143       7.46424485E-04   6.65212050E-02
          0.970000029       1.88410666E-03  0.258152038       5.89980511E-04   6.47055730E-02
          0.980000019       1.70480926E-03  0.246575832       5.33835788E-04   6.23985529E-02
          0.990000010       1.49978942E-03  0.234813675       4.22930199E-04   6.32832423E-02
           1.00000000       1.35706505E-03  0.224291489       3.82680795E-04   6.09583668E-02
           1.00999999       1.18844432E-03  0.214786068       2.97944527E-04   5.90913109E-02
           1.01999998       1.07534882E-03  0.205170289       2.69588782E-04   5.68819754E-02
           1.02999997       9.46444168E-04  0.196436539       2.08595346E-04   5.50435297E-02
           1.03999996       8.56378581E-04  0.187731504       1.88742182E-04   5.29625714E-02
           1.04999995       7.49960367E-04  0.179620162       1.42998251E-04   5.12225218E-02
           1.05999994       6.78591838E-04  0.171595469       1.29387408E-04   4.92512695E-02
           1.07000005       6.14015677E-04  0.163937405       1.17072057E-04   4.73476686E-02
           1.08000004       5.40421170E-04  0.154861152       8.75090118E-05   4.36766706E-02
           1.09000003       4.88992955E-04  0.147956610       7.91791463E-05   4.19792384E-02
           1.10000002       4.31014807E-04  0.141633675       5.58892898E-05   4.05269377E-02
           1.11000001       3.89998691E-04  0.135325789       5.05693606E-05   3.89346741E-02
           1.12000000       3.43244290E-04  0.129486874       3.51804592E-05   3.75539847E-02
           1.13000000       3.10580246E-04  0.123727284       3.18315579E-05   3.60641293E-02
           1.13999999       2.71809782E-04  0.118372023       2.06224122E-05   3.47768255E-02
           1.14999998       2.45943695E-04  0.113114022       1.86591842E-05   3.33846398E-02
           1.15999997       2.22539282E-04  0.108094752       1.68829283E-05   3.20446454E-02
           1.16999996       1.95745728E-04  0.103413783       9.87160183E-06   3.08613423E-02
           1.17999995       1.77118010E-04   9.88280103E-02   8.93183915E-06   2.96133999E-02
           1.19000006       1.55839050E-04   9.45493653E-02   3.82366125E-06   2.85054743E-02
           1.20000005       1.41009077E-04   9.03654471E-02   3.45962076E-06   2.73449775E-02
           1.21000004       1.20060380E-04   8.61473009E-02   8.13340012E-06   2.62614395E-02
           1.22000003       1.08635053E-04   8.23482051E-02   7.35903950E-06   2.51869690E-02
           1.23000002       9.82970159E-05   7.87201300E-02   6.65839389E-06   2.41546128E-02
           1.24000001       8.91179880E-05   7.55437836E-02  -1.90495246E-06   2.32629832E-02
           1.25000000       8.06373428E-05   7.22139180E-02  -1.72358216E-06   2.23035291E-02
           1.25999999       7.12456240E-05   6.90811574E-02  -3.10025166E-06   2.14300547E-02
           1.26999998       6.44656757E-05   6.60408065E-02  -2.80504651E-06   2.05423031E-02
           1.27999997       5.83309848E-05   6.31368682E-02  -2.53798248E-06   1.96901429E-02
           1.28999996       5.11631515E-05   6.03925772E-02  -3.26390978E-06   1.89148486E-02
           1.29999995       4.62943026E-05   5.77411950E-02  -2.95314135E-06   1.81270707E-02
           1.30999994       4.07009029E-05   5.52419387E-02  -3.57611611E-06   1.74094513E-02
           1.32000005       3.68277106E-05   5.28201349E-02  -3.23561585E-06   1.66816842E-02
           1.33000004       3.33231073E-05   5.05065508E-02  -2.92752770E-06   1.59836318E-02
           1.34000003       2.93939665E-05   4.81214337E-02  -3.15093598E-06   1.57311056E-02
           1.35000002       2.65967519E-05   4.60168384E-02  -2.85090209E-06   1.50704160E-02
           1.36000001       2.33359842E-05   4.40240018E-02  -2.99331805E-06   1.44627979E-02
           1.37000000       2.11152892E-05   4.21015620E-02  -2.70828491E-06   1.38537558E-02
           1.38000000       1.91058934E-05   3.99754494E-02  -2.45039587E-06   1.29807619E-02
           1.38999999       1.68131282E-05   3.82426418E-02  -2.43087311E-06   1.24511318E-02
           1.39999998       1.52131533E-05   3.65766436E-02  -2.19939466E-06   1.19255744E-02
           1.40999997       1.33873136E-05   3.49931456E-02  -2.15629370E-06   1.14369923E-02
           1.41999996       1.21133371E-05   3.34711187E-02  -1.95095595E-06   1.09532913E-02
           1.42999995       1.09605944E-05   3.20164599E-02  -1.76517040E-06   1.04897879E-02
           1.44000006       9.53498329E-06   3.06272116E-02  -1.64789401E-06   1.00586899E-02
           1.45000005       8.62761499E-06   2.92984303E-02  -1.49096559E-06   9.63231828E-03
           1.46000004       7.80659320E-06   2.80282944E-02  -1.34898198E-06   9.22384392E-03
           1.47000003       6.86792919E-06   2.68198401E-02  -1.30278147E-06   8.84235930E-03
           1.48000002       6.21435674E-06   2.56589055E-02  -1.17871423E-06   8.46683700E-03
           1.49000001       5.45009289E-06   2.45519504E-02  -1.10881899E-06   8.11532047E-03
           1.50000000       4.93145126E-06   2.34908331E-02  -1.00322393E-06   7.77024543E-03
           1.50999999       4.46215881E-06   2.24764515E-02  -9.07681169E-07   7.43978238E-03
           1.51999998       3.91266212E-06   2.15088669E-02  -8.50420008E-07   7.12985918E-03
           1.52999997       3.54032454E-06   2.05814280E-02  -7.69430244E-07   6.82629645E-03
           1.53999996       3.20341928E-06   1.96946934E-02  -6.96152540E-07   6.53561018E-03
           1.54999995       2.80845256E-06   1.88487042E-02  -6.49843344E-07   6.26257574E-03
           1.55999994       2.54119163E-06   1.80378873E-02  -5.87953480E-07   5.99568384E-03
           1.57000005       2.24068708E-06   1.72640607E-02  -5.46058800E-07   5.74399391E-03
           1.58000004       2.02745900E-06   1.65225342E-02  -4.94051790E-07   5.49904862E-03
           1.59000003       1.83452028E-06   1.58133749E-02  -4.46998598E-07   5.26451878E-03
           1.60000002       1.60205821E-06   1.51355295E-02  -4.08310058E-07   5.04352851E-03
           1.61000001       1.44960120E-06   1.44868968E-02  -3.69422509E-07   4.82831523E-03
           1.62000000       1.31165552E-06   1.38665438E-02  -3.34238251E-07   4.62228293E-03
           1.63000000       1.14499562E-06   1.32349730E-02  -3.04786141E-07   4.40426683E-03
           1.63999999       1.03603440E-06   1.26690855E-02  -2.75757344E-07   4.21625702E-03
           1.64999998       9.37444383E-07   1.21278241E-02  -2.49493581E-07   4.03628685E-03
           1.65999997       8.26220287E-07   1.16108507E-02  -2.30276143E-07   3.86601966E-03
           1.66999996       7.47594811E-07   1.11154867E-02  -2.08343408E-07   3.70094925E-03
           1.67999995       6.76451521E-07   1.06416270E-02  -1.88499669E-07   3.54294013E-03
           1.69000006       5.85399619E-07   1.01874797E-02  -1.66447649E-07   3.39337229E-03
           1.70000005       5.29691363E-07   9.59531963E-03  -1.50593948E-07   3.22474516E-03
           1.71000004       4.62760767E-07   9.18685272E-03  -1.34737547E-07   3.08817555E-03
           1.72000003       4.18723033E-07   8.79636686E-03  -1.21904336E-07   2.95617455E-03
           1.73000002       3.78876308E-07   8.42277333E-03  -1.10292923E-07   2.82983948E-03
           1.74000001       3.32251403E-07   8.06537084E-03  -1.00021033E-07   2.70997919E-03
           1.75000000       3.00633388E-07   7.72333005E-03  -9.04941189E-08   2.59417295E-03
           1.75999999       2.72024238E-07   7.39599764E-03  -8.18745605E-08   2.48332415E-03
           1.76999998       2.37432673E-07   7.08258385E-03  -7.31486764E-08   2.37804744E-03
           1.77999997       2.14837897E-07   6.78286189E-03  -6.61812081E-08   2.27645296E-03
           1.78999996       1.94393678E-07   6.49602106E-03  -5.98774292E-08   2.17921170E-03
           1.79999995       1.69266173E-07   6.22157753E-03  -5.41906680E-08   2.08697631E-03
           1.80999994       1.53158283E-07   5.95885003E-03  -4.90289267E-08   1.99784548E-03
           1.82000005       1.38583573E-07   5.70738176E-03  -4.43588846E-08   1.91253365E-03
           1.83000004       1.14785543E-07   5.46457246E-03  -3.37569581E-08   1.83106225E-03
           1.84000003       1.03862170E-07   5.23435464E-03  -3.05415284E-08   1.75290636E-03
           1.85000002       9.39783504E-08   5.01399441E-03  -2.76323053E-08   1.67810440E-03
           1.86000001       8.66393179E-08   4.80473740E-03  -2.92465838E-08   1.60725636E-03
           1.87000000       7.83946277E-08   4.60271165E-03  -2.64607536E-08   1.53868704E-03
           1.88000000       7.09343624E-08   4.40930575E-03  -2.39402169E-08   1.47305604E-03
           1.88999999       6.17921287E-08   4.22407500E-03  -2.13184865E-08   1.41058804E-03
           1.89999998       5.59119151E-08   4.04682988E-03  -1.92878122E-08   1.35044439E-03
           1.90999997       5.05911721E-08   3.87715735E-03  -1.74505121E-08   1.29288621E-03
           1.91999996       4.57767619E-08   3.71468719E-03  -1.57882365E-08   1.23778929E-03
           1.92999995       4.05410567E-08   3.55926319E-03  -1.44209453E-08   1.18529762E-03
           1.94000006       3.66829838E-08   3.41032725E-03  -1.30472131E-08   1.13481097E-03
           1.95000005       3.31921157E-08   3.26771638E-03  -1.18043602E-08   1.08648732E-03
           1.96000004       2.88937532E-08   3.13112582E-03  -1.04942508E-08   1.04044878E-03
           1.97000003       2.61441375E-08   3.00037977E-03  -9.49457135E-09   9.96166840E-04
           1.98000002       2.36561899E-08   2.87517370E-03  -8.59013127E-09   9.53780895E-04
           1.99000001       2.05812309E-08   2.75524496E-03  -7.63028485E-09   9.13384079E-04
           2.00000000       1.86226590E-08   2.64043175E-03  -6.90342228E-09   8.74541642E-04
