          0.100000001       1360.68311       1253.58923       280.284088       240.252197    
          0.109999999       1172.48865       1073.92334       261.003448       223.286743    
          0.119999997       929.538391       843.301453       236.556564       202.620773    
          0.129999995       801.171814       722.240906       218.565109       186.980789    
          0.140000001       687.738098       615.360657       200.616638       170.969421    
          0.150000006       542.440613       479.446930       178.343216       151.699417    
          0.159999996       466.427887       408.705078       162.940781       137.999588    
          0.170000002       402.537842       349.523529       149.005646       125.530876    
          0.180000007       346.018555       297.509674       135.496338       113.603081    
          0.189999998       298.721832       254.432358       123.391182       103.032021    
          0.200000003       257.006683       216.629562       112.105408       93.1421127    
          0.209999993       222.124756       185.220703       101.732979       84.0327530    
          0.219999999       191.346603       157.726501       92.1172180       75.6366043    
          0.230000004       165.766068       135.040482       83.4855270       68.0974808    
          0.239999995       141.767578       113.917908       75.1273956       60.8135986    
          0.250000000       123.209106       97.7143326       68.0308533       54.6196785    
          0.259999990       105.616249       82.5589676       61.0509453       48.6182442    
          0.270000011       91.1989822       70.3274765       54.9602547       43.4227715    
          0.280000001       78.4648819       59.5896416       49.2843628       38.5764542    
          0.289999992       68.0827713       50.9328308       44.3642998       34.3868408    
          0.300000012       58.8807182       43.3336830       39.7853394       30.4880276    
          0.310000002       50.7805367       36.7583504       35.5959663       26.9623566    
          0.319999993       44.1981392       31.4447327       31.9451351       23.8661442    
          0.330000013       37.8785057       26.4908066       28.3911381       20.9315777    
          0.340000004       32.8051910       22.5711040       25.3582687       18.4347725    
          0.349999994       30.8947697       21.0650501       23.9033298       17.2460098    
          0.360000014       26.8906116       18.0431118       21.3650303       15.1831846    
          0.370000005       23.3240814       15.4086199       19.0353851       13.3067780    
          0.379999995       20.2467728       13.1862059       16.9468269       11.6409388    
          0.389999986       17.5975742       11.2919502       15.0633707       10.1376228    
          0.400000006       16.5727749       10.5419579       14.1955690       9.47368526    
          0.409999996       14.2471342       8.98662376       12.5160637       8.18077850    
          0.419999987       12.5839052       7.86892319       11.2144356       7.18563271    
          0.430000007       10.9840555       6.83675003       9.95003510       6.22931051    
          0.439999998       10.3443956       6.38656998       9.37550068       5.81239271    
          0.449999988       9.03129482       5.57069397       8.29794502       5.01470375    
          0.460000008       7.90130377       4.89509964       7.34640360       4.31751680    
          0.469999999       7.44117165       4.57043886       6.92164421       4.00134516    
          0.479999989       6.52319860       4.04196167       6.12086296       3.42702770    
          0.490000010       5.72273779       3.60666656       5.40387535       2.92916512    
          0.500000000       5.38947058       3.38921809       5.09108448       2.73276973    
          0.509999990       4.74982214       3.06574559       4.50312662       2.33740020    
          0.519999981       4.17329741       2.77991986       3.95950317       1.97792685    
          0.529999971       3.93026280       2.61749744       3.73010659       1.83961117    
          0.540000021       3.47020984       2.40507269       3.28644395       1.56051242    
          0.550000012       3.07300067       2.23086262       2.89583588       1.31815064    
          0.560000002       2.89404225       2.10821319       2.72793484       1.22879636    
          0.569999993       2.56675553       1.97298753       2.40001082       1.02747202    
          0.579999983       2.27419162       1.85777819       2.10309672      0.858550310    
          0.589999974       2.14175200       1.76591015       1.98107946      0.798442543    
          0.600000024       1.90061033       1.68651330       1.73289120      0.672097206    
          0.610000014       1.69666004       1.61722171       1.52020454      0.561886072    
          0.620000005       1.59785414       1.54491389       1.43195677      0.524106443    
          0.629999995       1.42296660       1.49064958       1.24809539      0.435294539    
          0.639999986       1.34009945       1.42848301       1.17561972      0.407692581    
          0.649999976       1.19704473       1.38593042       1.02518594      0.340962023    
          0.660000026       1.07233810       1.34785044      0.894832611      0.287282944    
          0.670000017       1.00988996       1.29119349      0.842847824      0.266183764    
          0.680000007      0.905217171       1.26364231      0.732542992      0.225456789    
          0.689999998      0.852501452       1.21807480      0.689975321      0.214798287    
          0.699999988      0.765491664       1.19634926      0.598600864      0.185157225    
          0.709999979      0.720912457       1.15543854      0.563807905      0.178369999    
          0.720000029      0.648454428       1.13803470      0.488254428      0.157683060    
          0.730000019      0.584255755       1.12203252      0.422059298      0.142257214    
          0.740000010      0.550231278       1.08653295      0.397519797      0.140233681    
          0.750000000      0.496412843       1.07355702      0.342489123      0.130429819    
          0.759999990      0.467504114       1.04113531      0.322572351      0.129896879    
          0.769999981      0.422461718       1.02921069      0.277471989      0.124511875    
          0.779999971      0.397859424      0.999353468      0.261333108      0.125150010    
          0.790000021      0.360003322      0.988695621      0.224167630      0.123184681    
          0.800000012      0.339038372      0.961050808      0.211127028      0.124598503    
          0.810000002      0.307248205      0.949813306      0.181255266      0.125376940    
          0.819999993      0.289355487      0.924582899      0.170709416      0.127671674    
          0.829999983      0.262431175      0.914945424      0.145673200      0.129996940    
          0.839999974      0.247148395      0.886883080      0.137196407      0.141008019    
          0.850000024      0.225342467      0.878244698      0.117192768      0.143944263    
          0.860000014      0.212219596      0.855790615      0.110372365      0.145895794    
          0.870000005      0.192846656      0.849778175       9.35102403E-02  0.153216124    
          0.879999995      0.181616113      0.828478038       8.80673602E-02  0.154901981    
          0.889999986      0.165163383      0.818916619       7.42984265E-02  0.159102157    
          0.899999976      0.155544981      0.798925817       6.99733049E-02  0.160715267    
          0.910000026      0.141547829      0.789579809       5.87249398E-02  0.165183946    
          0.920000017      0.133304611      0.770706892       5.53059727E-02  0.166584089    
          0.930000007      0.121929705      0.761537373       4.64413613E-02  0.170650169    
          0.939999998      0.114828952      0.743666410       4.37372774E-02  0.171802923    
          0.949999988      0.104605228      0.734388888       3.62850390E-02  0.176372215    
          0.959999979       9.85134467E-02  0.717410088       3.41721326E-02  0.177188799    
          0.970000029       8.97767320E-02  0.708035171       2.81122774E-02  0.181339741    
          0.980000019       8.45485255E-02  0.691973150       2.64751222E-02  0.181908056    
          0.990000010       7.74162486E-02  0.682304144       2.18308438E-02  0.185210824    
           1.00000000       7.29078725E-02  0.667004585       2.05593985E-02  0.185448155    
           1.00999999       6.64545074E-02  0.657350302       1.66602340E-02  0.188872978    
           1.01999998       6.25845119E-02  0.642866433       1.56898666E-02  0.188870028    
           1.02999997       5.73302805E-02  0.633663952       1.26355393E-02  0.191665530    
           1.03999996       5.39916269E-02  0.620241046       1.18995234E-02  0.191384837    
           1.04999995       4.92119826E-02  0.610506535       9.38346237E-03  0.194144979    
           1.05999994       4.63461019E-02  0.597389877       8.83683283E-03  0.193606898    
           1.07000005       4.36471254E-02  0.584643185       8.32203310E-03  0.192984268    
           1.08000004       3.99834365E-02  0.575895786       6.47441298E-03  0.194892302    
           1.09000003       3.76549661E-02  0.563737273       6.09719986E-03  0.194043383    
           1.10000002       3.45448889E-02  0.555873811       4.47940314E-03  0.195698902    
           1.11000001       3.25331688E-02  0.537110746       4.21843072E-03  0.187511742    
           1.12000000       2.98014972E-02  0.527118444       3.05447355E-03  0.192108333    
           1.13000000       2.80660018E-02  0.516205192       2.87650269E-03  0.190865040    
           1.13999999       2.55648792E-02  0.507866323       1.93962827E-03  0.192013577    
           1.14999998       2.40760911E-02  0.497452736       1.82659796E-03  0.190598056    
           1.15999997       2.26740148E-02  0.487309575       1.72016397E-03  0.189141497    
           1.16999996       2.07580272E-02  0.479489416       1.04684138E-03  0.189648703    
           1.17999995       1.95491780E-02  0.469763428       9.85840918E-04  0.188052103    
           1.19000006       1.79025270E-02  0.462084681       4.39257681E-04  0.188141406    
           1.20000005       1.68599579E-02  0.452811718       4.13654983E-04  0.186431065    
           1.21000004       1.49410367E-02  0.437930495       1.01216941E-03  0.184937239    
           1.22000003       1.40709383E-02  0.429352373       9.53176990E-04  0.183158085    
           1.23000002       1.32515095E-02  0.420980066       8.97623599E-04  0.181361690    
           1.24000001       1.25043718E-02  0.420586437      -2.67288327E-04  0.182476088    
           1.25000000       1.17761781E-02  0.412310928      -2.51710415E-04  0.180565014    
           1.25999999       1.08292438E-02  0.405498058      -4.71232459E-04  0.179940820    
           1.26999998       1.01985997E-02  0.397570729      -4.43765282E-04  0.177968264    
           1.27999997       9.60467849E-03  0.389830351      -4.17900592E-04  0.175990745    
           1.28999996       8.76824092E-03  0.383119106      -5.59362874E-04  0.175267816    
           1.29999995       8.25761631E-03  0.375710607      -5.26757911E-04  0.173241258    
           1.30999994       7.55619397E-03  0.369552135      -6.63913146E-04  0.172459736    
           1.32000005       7.11615430E-03  0.362445354      -6.25213317E-04  0.170393005    
           1.33000004       6.70174276E-03  0.355500966      -5.88766590E-04  0.168331221    
           1.34000003       6.15279516E-03  0.349451393      -6.59558631E-04  0.167213365    
           1.35000002       5.79448650E-03  0.342793912      -6.21109910E-04  0.165131420    
           1.36000001       5.29156066E-03  0.336982578      -6.78751327E-04  0.164052829    
           1.37000000       4.98340419E-03  0.330597699      -6.39180013E-04  0.161954626    
           1.38000000       4.69319429E-03  0.324354410      -6.01917796E-04  0.159868196    
           1.38999999       4.29854868E-03  0.318679482      -6.21491752E-04  0.158531621    
           1.39999998       4.04821848E-03  0.312695056      -5.85258647E-04  0.156444773    
           1.40999997       3.70774209E-03  0.307247907      -5.97206119E-04  0.155059889    
           1.41999996       3.49182077E-03  0.301331431      -5.62387810E-04  0.153333262    
           1.42999995       3.28847580E-03  0.295719713      -5.29599085E-04  0.151261643    
           1.44000006       2.97750602E-03  0.290279388      -5.14590822E-04  0.149820641    
           1.45000005       2.80410796E-03  0.284878373      -4.84586839E-04  0.147754967    
           1.46000004       2.64080870E-03  0.279620767      -4.56332375E-04  0.145714805    
           1.47000003       2.41809455E-03  0.274813175      -4.58689727E-04  0.144247457    
           1.48000002       2.27727671E-03  0.269463241      -4.31944762E-04  0.141924962    
           1.49000001       2.07871501E-03  0.264710307      -4.22913727E-04  0.140405968    
           1.50000000       1.95765914E-03  0.259871095      -3.98254022E-04  0.138413817    
           1.50999999       1.84365467E-03  0.255132824      -3.75031814E-04  0.136443198    
           1.51999998       1.68259256E-03  0.250662178      -3.65712680E-04  0.134920046    
           1.52999997       1.58460531E-03  0.246112421      -3.44387401E-04  0.132976547    
           1.53999996       1.49232429E-03  0.241656139      -3.24305292E-04  0.131055281    
           1.54999995       1.36172271E-03  0.237447217      -3.15086916E-04  0.129537657    
           1.55999994       1.28242292E-03  0.233166412      -2.96713086E-04  0.127646834    
           1.57000005       1.17691827E-03  0.229111746      -2.86816852E-04  0.126078948    
           1.58000004       1.10837969E-03  0.224998280      -2.70090386E-04  0.124222577    
           1.59000003       1.04383298E-03  0.220967516      -2.54339917E-04  0.122389227    
           1.60000002       9.48766072E-04  0.216848925      -2.41808244E-04  0.121300966    
           1.61000001       8.93513614E-04  0.212981150      -2.27706783E-04  0.119494885    
           1.62000000       8.41479108E-04  0.207694605      -2.14427171E-04  0.117459990    
           1.63000000       7.64538709E-04  0.202313840      -2.03512376E-04  0.114725836    
           1.63999999       7.20015785E-04  0.198722795      -1.91643878E-04  0.113002323    
           1.64999998       6.78085082E-04  0.195178032      -1.80467105E-04  0.111294262    
           1.65999997       6.22022955E-04  0.191831470      -1.73364300E-04  0.109829776    
           1.66999996       5.85799513E-04  0.188445151      -1.63253586E-04  0.108166873    
           1.67999995       5.51685516E-04  0.184890687      -1.53732486E-04  0.106292307    
           1.69000006       4.96911991E-04  0.181557834      -1.41287790E-04  0.104844101    
           1.70000005       4.67974023E-04  0.176537946      -1.33047448E-04  0.102556862    
           1.71000004       4.25526290E-04  0.173423573      -1.23896345E-04  0.101128608    
           1.72000003       4.00745572E-04  0.170394257      -1.16670468E-04   9.95791629E-02
           1.73000002       3.77408374E-04  0.167423368      -1.09865658E-04   9.80518684E-02
           1.74000001       3.44470347E-04  0.164214388      -1.03699451E-04   9.66750160E-02
           1.75000000       3.24409833E-04  0.161360711      -9.76511146E-05   9.51860547E-02
           1.75999999       3.05517839E-04  0.158506200      -9.19555532E-05   9.38284025E-02
           1.76999998       2.77550280E-04  0.155744255      -8.55081671E-05   9.24900845E-02
           1.77999997       2.61386973E-04  0.153052032      -8.05207310E-05   9.10590589E-02
           1.78999996       2.46164855E-04  0.150410607      -7.58240712E-05   8.96489993E-02
           1.79999995       2.23093186E-04  0.147849441      -7.14234266E-05   8.83932933E-02
           1.80999994       2.10101323E-04  0.145305738      -6.72574897E-05   8.70196596E-02
           1.82000005       1.97865869E-04  0.142809510      -6.33344243E-05   8.56663585E-02
           1.83000004       1.70576081E-04  0.139843345      -5.01642535E-05   8.41808319E-02
           1.84000003       1.60642550E-04  0.137457117      -4.72382526E-05   8.28712210E-02
           1.85000002       1.51287546E-04  0.135115072      -4.44828293E-05   8.15813169E-02
           1.86000001       1.45165061E-04  0.133181006      -4.90029342E-05   8.05195048E-02
           1.87000000       1.36711271E-04  0.130910933      -4.61445125E-05   7.92606026E-02
           1.88000000       1.28749874E-04  0.128682673      -4.34528483E-05   7.80207738E-02
           1.88999999       1.16733492E-04  0.126402363      -4.02734477E-05   7.70394430E-02
           1.89999998       1.09935434E-04  0.124257386      -3.79241646E-05   7.58317709E-02
           1.90999997       1.03533210E-04  0.122151971      -3.57119243E-05   7.46427402E-02
           1.91999996       9.75039802E-05  0.120084845      -3.36287594E-05   7.34718516E-02
           1.92999995       8.98761573E-05  0.118093468      -3.19700448E-05   7.23819360E-02
           1.94000006       8.46420517E-05  0.116099931      -3.01050459E-05   7.12446198E-02
           1.95000005       7.97128450E-05  0.113978446      -2.83488826E-05   6.99607134E-02
           1.96000004       7.22217956E-05  0.112001799      -2.62310496E-05   6.90196753E-02
           1.97000003       6.80159646E-05  0.110119008      -2.47008484E-05   6.79335967E-02
           1.98000002       6.40550352E-05  0.108270250      -2.32599268E-05   6.68644160E-02
           1.99000001       5.80030610E-05  0.106450677      -2.15040545E-05   6.58592656E-02
           2.00000000       5.46251977E-05  0.104668379      -2.02495721E-05   6.48215190E-02
