          0.100000001       1360.68311       1081.24390       280.284088       193.718307    
          0.109999999       1172.48865       917.487244       261.003448       179.727249    
          0.119999997       929.538391       708.841492       236.556564       163.666626    
          0.129999995       801.171814       600.213928       218.565109       150.328842    
          0.140000001       687.738098       505.585724       200.616638       137.218430    
          0.150000006       542.440613       385.372528       178.343216       121.006447    
          0.159999996       466.427887       324.747162       162.940781       110.306671    
          0.170000002       402.537842       273.830841       149.005646       99.7177200    
          0.180000007       346.018555       229.551315       135.496338       89.7711182    
          0.189999998       298.721832       193.547104       123.391182       81.0837860    
          0.200000003       257.006683       162.269852       112.105408       72.9087906    
          0.209999993       222.124756       136.630829       101.732979       65.3950195    
          0.219999999       191.346603       114.458885       92.1172180       58.4543953    
          0.230000004       165.766068       96.4489365       83.4855270       52.2508583    
          0.239999995       141.767578       79.9156570       75.1273956       46.2561150    
          0.250000000       123.209106       67.4512329       68.0308533       41.1702003    
          0.259999990       105.616249       56.0361824       61.0509453       36.2980995    
          0.270000011       91.1989822       46.9594841       54.9602547       32.0633316    
          0.280000001       78.4648819       38.9221306       49.2843628       28.0619812    
          0.289999992       68.0827713       32.8720703       44.3642998       24.7392139    
          0.300000012       58.8807182       27.7008362       39.7853394       21.6689968    
          0.310000002       50.7805367       23.3476734       35.5959663       18.9002171    
          0.319999993       44.1981392       19.9600525       31.9451351       16.5407200    
          0.330000013       37.8785057       16.9023247       28.3911381       14.2700653    
          0.340000004       32.8051910       14.5835238       25.3582687       12.3748598    
          0.349999994       30.8947697       13.6684103       23.9033298       11.5404005    
          0.360000014       26.8906116       11.9442358       21.3650303       10.0087576    
          0.370000005       23.3240814       10.5427446       19.0353851       8.56505871    
          0.379999995       20.2467728       9.40300465       16.9468269       7.34850931    
          0.389999986       17.5975742       8.49475670       15.0633707       6.27225304    
          0.400000006       16.5727749       8.00410080       14.1955690       5.83705139    
          0.409999996       14.2471342       7.36322403       12.5160637       4.92002439    
          0.419999987       12.5839052       6.86999655       11.2144356       4.24834490    
          0.430000007       10.9840555       6.47848749       9.95003510       3.60193419    
          0.439999998       10.3443956       6.16513395       9.37550068       3.35542035    
          0.449999988       9.03129482       5.95504808       8.29794502       2.90304279    
          0.460000008       7.90130377       5.76373434       7.34640360       2.45643425    
          0.469999999       7.44117165       5.56116486       6.92164421       2.25908351    
          0.479999989       6.52319860       5.42714453       6.12086296       1.90770912    
          0.490000010       5.72273779       5.33444977       5.40387535       1.60959136    
          0.500000000       5.38947058       5.13154030       5.09108448       1.50852382    
          0.509999990       4.74982214       5.09061718       4.50312662       1.27923000    
          0.519999981       4.17329741       5.04920959       3.95950317       1.07760382    
          0.529999971       3.93026280       4.87453985       3.73010659       1.01844370    
          0.540000021       3.47020984       4.85095119       3.28644395      0.879880607    
          0.550000012       3.07300067       4.83575201       2.89583588      0.758242309    
          0.560000002       2.89404225       4.67846918       2.72793484      0.724881947    
          0.569999993       2.56675553       4.66683722       2.40001082      0.634136498    
          0.579999983       2.27419162       4.65525389       2.10309672      0.565084159    
          0.589999974       2.14175200       4.51053286       1.98107946      0.548725784    
          0.600000024       1.90061033       4.50622511       1.73289120      0.505186379    
          0.610000014       1.69666004       4.49342203       1.52020454      0.469119400    
          0.620000005       1.59785414       4.35738993       1.43195677      0.462670952    
          0.629999995       1.42296660       4.34481668       1.24809539      0.439742237    
          0.639999986       1.34009945       4.21582174       1.17561972      0.436643451    
          0.649999976       1.19704473       4.19507313       1.02518594      0.425123066    
          0.660000026       1.07233810       4.16805458      0.894832611      0.416427463    
          0.670000017       1.00988996       4.04426861      0.842847824      0.414230347    
          0.680000007      0.905217171       4.01584005      0.732542992      0.414978355    
          0.689999998      0.852501452       3.89837575      0.689975321      0.416467190    
          0.699999988      0.765491664       3.86595345      0.598600864      0.422317356    
          0.709999979      0.720912457       3.75351071      0.563807905      0.423966408    
          0.720000029      0.648454428       3.71794915      0.488254428      0.431654781    
          0.730000019      0.584255755       3.67794061      0.422059298      0.441098839    
          0.740000010      0.550231278       3.57193160      0.397519797      0.442387730    
          0.750000000      0.496412843       3.53047562      0.342489123      0.452685833    
          0.759999990      0.467504114       3.42844033      0.322572351      0.453292370    
          0.769999981      0.422461718       3.38370442      0.277471989      0.463918209    
          0.779999971      0.397859424       3.28615689      0.261333108      0.463710457    
          0.790000021      0.360003322       3.23970890      0.224167630      0.474060208    
          0.800000012      0.339038372       3.14486217      0.211127028      0.471332073    
          0.810000002      0.307248205       3.09360123      0.181255266      0.480380684    
          0.819999993      0.289355487       3.00395608      0.170709416      0.480306953    
          0.829999983      0.262431175       2.95497513      0.145673200      0.489200920    
          0.839999974      0.247148395       2.86988711      0.137196407      0.485936493    
          0.850000024      0.225342467       2.82102132      0.117192768      0.492601246    
          0.860000014      0.212219596       2.74030948      0.110372365      0.488988549    
          0.870000005      0.192846656       2.69084048       9.35102403E-02  0.495956749    
          0.879999995      0.181616113       2.61394691       8.80673602E-02  0.491528988    
          0.889999986      0.165163383       2.56391931       7.42984265E-02  0.496677399    
          0.899999976      0.155544981       2.49183679       6.99733049E-02  0.492623329    
          0.910000026      0.141547829       2.44326377       5.87249398E-02  0.497189611    
          0.920000017      0.133304611       2.37371230       5.53059727E-02  0.491446495    
          0.930000007      0.121929705       2.32401943       4.64413613E-02  0.493096977    
          0.939999998      0.114828952       2.25705814       4.37372774E-02  0.485952049    
          0.949999988      0.104605228       2.21373820       3.62850390E-02  0.492514044    
          0.959999979       9.85134467E-02   2.15083456       3.41721326E-02  0.485607147    
          0.970000029       8.97767320E-02   2.10357332       2.81122774E-02  0.486057758    
          0.980000019       8.45485255E-02   2.04269767       2.64751222E-02  0.477570862    
          0.990000010       7.74162486E-02   1.99672270       2.18308438E-02  0.476850510    
           1.00000000       7.29078725E-02   1.94009244       2.05593985E-02  0.469223112    
           1.00999999       6.64545074E-02   1.89531386       1.66602340E-02  0.469085217    
           1.01999998       6.25845119E-02   1.84176743       1.56898666E-02  0.461296231    
           1.02999997       5.73302805E-02   1.79901874       1.26355393E-02  0.459310383    
           1.03999996       5.39916269E-02   1.74872005       1.18995234E-02  0.451454312    
           1.04999995       4.92119826E-02   1.70662034       9.38346237E-03  0.449458271    
           1.05999994       4.63461019E-02   1.65857160       8.83683283E-03  0.441334575    
           1.07000005       4.36471254E-02   1.61195719       8.32203310E-03  0.433265060    
           1.08000004       3.99834365E-02   1.57332742       6.47441298E-03  0.430051178    
           1.09000003       3.76549661E-02   1.52918756       6.09719986E-03  0.421929508    
           1.10000002       3.45448889E-02   1.49305153       4.47940314E-03  0.418954700    
           1.11000001       3.25331688E-02   1.45026255       4.21843072E-03  0.409845203    
           1.12000000       2.98014972E-02   1.41462266       3.05447355E-03  0.405903429    
           1.13000000       2.80660018E-02   1.37510359       2.87650269E-03  0.397845656    
           1.13999999       2.55648792E-02   1.34070873       1.93962827E-03  0.394067049    
           1.14999998       2.40760911E-02   1.30277157       1.82659796E-03  0.385485172    
           1.15999997       2.26740148E-02   1.26647913       1.72016397E-03  0.377558023    
           1.16999996       2.07580272E-02   1.23473871       1.04684138E-03  0.373094678    
           1.17999995       1.95491780E-02   1.20025015       9.85840918E-04  0.365278333    
           1.19000006       1.79025270E-02   1.17016459       4.39257681E-04  0.360675186    
           1.20000005       1.68599579E-02   1.13773286       4.13654983E-04  0.353002876    
           1.21000004       1.49410367E-02   1.09479320       1.01216941E-03  0.351261735    
           1.22000003       1.40709383E-02   1.06470668       9.53176990E-04  0.343563199    
           1.23000002       1.32515095E-02   1.03548872       8.97623599E-04  0.336002141    
           1.24000001       1.25043718E-02   1.01915312      -2.67288327E-04  0.332637399    
           1.25000000       1.17761781E-02  0.991080105      -2.51710415E-04  0.325192958    
           1.25999999       1.08292438E-02  0.965771616      -4.71232459E-04  0.319882959    
           1.26999998       1.01985997E-02  0.939220726      -4.43765282E-04  0.312636852    
           1.27999997       9.60467849E-03  0.912770748      -4.17900592E-04  0.304867029    
           1.28999996       8.76824092E-03  0.889022052      -5.59362874E-04  0.299853891    
           1.29999995       8.25761631E-03  0.864667118      -5.26757911E-04  0.292963296    
           1.30999994       7.55619397E-03  0.842608035      -6.63913146E-04  0.288069993    
           1.32000005       7.11615430E-03  0.819565773      -6.25213317E-04  0.281379074    
           1.33000004       6.70174276E-03  0.791034698      -5.88766590E-04  0.287122935    
           1.34000003       6.15279516E-03  0.770515263      -6.59558631E-04  0.281768709    
           1.35000002       5.79448650E-03  0.749507427      -6.21109910E-04  0.275117785    
           1.36000001       5.29156066E-03  0.730080605      -6.78751327E-04  0.270067453    
           1.37000000       4.98340419E-03  0.710215032      -6.39180013E-04  0.263640404    
           1.38000000       4.69319429E-03  0.690914154      -6.01917796E-04  0.257353991    
           1.38999999       4.29854868E-03  0.672745168      -6.21491752E-04  0.252278715    
           1.39999998       4.04821848E-03  0.654502213      -5.85258647E-04  0.246222436    
           1.40999997       3.70774209E-03  0.637316883      -5.97206119E-04  0.241289034    
           1.41999996       3.49182077E-03  0.620071054      -5.62387810E-04  0.235459849    
           1.42999995       3.28847580E-03  0.603311896      -5.29599085E-04  0.229762569    
           1.44000006       2.97750602E-03  0.587047040      -5.14590822E-04  0.225106850    
           1.45000005       2.80410796E-03  0.570720255      -4.84586839E-04  0.219181612    
           1.46000004       2.64080870E-03  0.555351436      -4.56332375E-04  0.213840306    
           1.47000003       2.41809455E-03  0.540843248      -4.58689727E-04  0.209390640    
           1.48000002       2.27727671E-03  0.526307404      -4.31944762E-04  0.204261422    
           1.49000001       2.07871501E-03  0.512390375      -4.22913727E-04  0.199922189    
           1.50000000       1.95765914E-03  0.489432335      -3.98254022E-04  0.185785413    
           1.50999999       1.84365467E-03  0.476315141      -3.75031814E-04  0.181221366    
           1.51999998       1.68259256E-03  0.463753551      -3.65712680E-04  0.177354634    
           1.52999997       1.58460531E-03  0.451349825      -3.44387401E-04  0.172977552    
           1.53999996       1.49232429E-03  0.439291507      -3.24305292E-04  0.168704167    
           1.54999995       1.36172271E-03  0.427739292      -3.15086916E-04  0.165052518    
           1.55999994       1.28242292E-03  0.416335732      -2.96713086E-04  0.160958424    
           1.57000005       1.17691827E-03  0.405401826      -2.86816852E-04  0.157364979    
           1.58000004       1.10837969E-03  0.394615561      -2.70090386E-04  0.153447971    
           1.59000003       1.04383298E-03  0.384127229      -2.54339917E-04  0.149625227    
           1.60000002       9.48766072E-04  0.373955011      -2.41808244E-04  0.146291599    
           1.61000001       8.93513614E-04  0.364037275      -2.27706783E-04  0.142634869    
           1.62000000       8.41479108E-04  0.351204485      -2.14427171E-04  0.138941765    
           1.63000000       7.64538709E-04  0.340482503      -2.03512376E-04  0.134852782    
           1.63999999       7.20015785E-04  0.331478566      -1.91643878E-04  0.131470025    
           1.64999998       6.78085082E-04  0.322669536      -1.80467105E-04  0.128160283    
           1.65999997       6.22022955E-04  0.314262182      -1.73364300E-04  0.125215665    
           1.66999996       5.85799513E-04  0.305975646      -1.63253586E-04  0.122064508    
           1.67999995       5.51685516E-04  0.297916174      -1.53732486E-04  0.118991226    
           1.69000006       4.96911991E-04  0.289943188      -1.41287790E-04  0.116229892    
           1.70000005       4.67974023E-04  0.279441208      -1.33047448E-04  0.112609513    
           1.71000004       4.25526290E-04  0.272050858      -1.23896345E-04  0.109952144    
           1.72000003       4.00745572E-04  0.264916301      -1.16670468E-04  0.107168823    
           1.73000002       3.77408374E-04  0.257976055      -1.09865658E-04  0.104455054    
           1.74000001       3.44470347E-04  0.250498414      -1.03699451E-04  0.101952016    
           1.75000000       3.24409833E-04  0.243948355      -9.76511146E-05   9.93654430E-02
           1.75999999       3.05517839E-04  0.237575054      -9.19555532E-05   9.68435109E-02
           1.76999998       2.77550280E-04  0.231334746      -8.55081671E-05   9.45309326E-02
           1.77999997       2.61386973E-04  0.225303650      -8.05207310E-05   9.21279490E-02
           1.78999996       2.46164855E-04  0.219435260      -7.58240712E-05   8.97853971E-02
           1.79999995       2.23093186E-04  0.213741064      -7.14234266E-05   8.76686350E-02
           1.80999994       2.10101323E-04  0.208184287      -6.72574897E-05   8.54357257E-02
           1.82000005       1.97865869E-04  0.202776626      -6.33344243E-05   8.32590759E-02
           1.83000004       1.70576081E-04  0.196190536      -5.01642535E-05   8.27185810E-02
           1.84000003       1.60642550E-04  0.191111326      -4.72382526E-05   8.06112364E-02
           1.85000002       1.51287546E-04  0.186168149      -4.44828293E-05   7.85573646E-02
           1.86000001       1.45165061E-04  0.181774929      -4.90029342E-05   7.67546222E-02
           1.87000000       1.36711271E-04  0.177075088      -4.61445125E-05   7.47954026E-02
           1.88000000       1.28749874E-04  0.172500610      -4.34528483E-05   7.28859082E-02
           1.88999999       1.16733492E-04  0.168026030      -4.02734477E-05   7.11124986E-02
           1.89999998       1.09935434E-04  0.163693547      -3.79241646E-05   6.92953393E-02
           1.90999997       1.03533210E-04  0.159477010      -3.57119243E-05   6.75247535E-02
           1.91999996       9.75039802E-05  0.155372098      -3.36287594E-05   6.57990873E-02
           1.92999995       8.98761573E-05  0.150199473      -3.19700448E-05   6.29760325E-02
           1.94000006       8.46420517E-05  0.146339819      -3.01050459E-05   6.13655783E-02
           1.95000005       7.97128450E-05  0.142582491      -2.83488826E-05   5.97962402E-02
           1.96000004       7.22217956E-05  0.138908997      -2.62310496E-05   5.83319515E-02
           1.97000003       6.80159646E-05  0.135349184      -2.47008484E-05   5.68392240E-02
           1.98000002       6.40550352E-05  0.131883487      -2.32599268E-05   5.53846657E-02
           1.99000001       5.80030610E-05  0.128495693      -2.15040545E-05   5.40245213E-02
           2.00000000       5.46251977E-05  0.125211552      -2.02495721E-05   5.26412241E-02
