          0.100000001       1749.66345       1636.31543       360.409271       323.325348    
          0.109999999       1547.69202       1442.35876       344.526215       309.267670    
          0.119999997       1259.56836       1166.48242       320.545288       288.114227    
          0.129999995       1114.44495       1028.37988       304.028107       273.365967    
          0.140000001       982.052246       902.597168       286.469513       257.496063    
          0.150000006       795.137207       725.013672       261.424652       234.753860    
          0.159999996       701.864075       636.938782       245.187546       219.915848    
          0.170000002       621.804199       561.568481       230.170547       206.174301    
          0.180000007       548.687256       492.982666       214.858765       192.158981    
          0.189999998       486.262939       434.829010       200.857590       179.395096    
          0.200000003       429.464203       382.052246       187.330750       167.032822    
          0.209999993       381.028961       337.210358       174.511002       155.295517    
          0.219999999       336.946045       296.567230       162.211029       144.045975    
          0.230000004       299.649597       262.311554       150.913925       133.700882    
          0.239999995       263.071320       228.840576       139.410294       123.170403    
          0.250000000       234.702560       202.998886       129.592819       114.177345    
          0.259999990       206.530579       177.485413       119.383972       104.849121    
          0.270000011       183.072098       156.346985       110.326775       96.5780411    
          0.280000001       161.691040       137.022446       101.559319       88.5361862    
          0.289999992       144.021225       121.356873       93.8475266       81.4298172    
          0.300000012       127.861778       107.044128       86.3954239       74.6603088    
          0.310000002       113.199219       94.1459579       79.3499832       68.2760696    
          0.319999993       101.141357       83.5947571       73.1020279       62.6307564    
          0.330000013       88.9807434       73.0411301       66.6938858       56.8437653    
          0.340000004       79.1086960       64.5436096       61.1506767       51.8533897    
          0.349999994       76.4795227       62.3272209       59.1723289       50.1424599    
          0.360000014       68.3344193       55.3657341       54.2928123       45.7597466    
          0.370000005       60.8445854       49.0188713       49.6568413       41.6063805    
          0.379999995       54.2190208       43.5071907       45.3820610       37.8408318    
          0.389999986       48.3756905       38.5991707       41.4091797       34.2745705    
          0.400000006       46.7679138       37.2812042       40.0595055       33.1300392    
          0.409999996       41.2723083       32.7716789       36.2575951       29.7527981    
          0.419999987       37.4218597       29.6143246       33.3493462       27.1870270    
          0.430000007       33.5313530       26.4630585       30.3747654       24.5617828    
          0.439999998       32.4169388       25.5574493       29.3806458       23.7349453    
          0.449999988       29.0532970       22.8550358       26.6941433       21.3747082    
          0.460000008       26.0929260       20.5051327       24.2604465       19.2381306    
          0.469999999       25.2257252       19.7642765       23.4645176       18.5476990    
          0.479999989       22.7008152       17.7792797       21.3006840       16.6599140    
          0.490000010       20.4438725       16.0318260       19.3047714       14.9325294    
          0.500000000       19.7644176       15.4866152       18.6701679       14.4281740    
          0.509999990       17.8810806       14.0531416       16.9523754       12.9492197    
          0.519999981       16.1277676       12.7214041       15.3015547       11.5336637    
          0.529999971       15.5917549       12.2870817       14.7977142       11.1401777    
          0.540000021       14.1321383       11.1948051       13.3837671       9.94234371    
          0.550000012       12.8467512       10.2453041       12.1061106       8.85955811    
          0.560000002       12.4197817       9.89604473       11.7069311       8.55554867    
          0.569999993       11.3076439       9.07711506       10.5730629       7.61255264    
          0.579999983       10.2847338       8.33338165       9.51098156       6.72738981    
          0.589999974       9.94291592       8.05034733       9.19700527       6.49539232    
          0.600000024       9.05766392       7.41732025       8.25837135       5.72157145    
          0.610000014       8.30035210       6.88263130       7.43710136       5.04806900    
          0.620000005       8.02448750       6.64979219       7.19134378       4.87288952    
          0.629999995       7.33589935       6.16663122       6.43437576       4.25705528    
          0.639999986       7.09209061       5.95844889       6.22162867       4.10851526    
          0.649999976       6.50318527       5.54641342       5.56952858       3.58426213    
          0.660000026       5.98034286       5.17958879       4.99040937       3.12442994    
          0.670000017       5.78158426       5.00355768       4.82527399       3.01262021    
          0.680000007       5.31990480       4.68537378       4.30510998       2.60339856    
          0.689999998       5.14310074       4.52811241       4.16258812       2.51114655    
          0.699999988       4.74076700       4.25243616       3.70719528       2.15741086    
          0.709999979       4.58320618       4.11048269       3.58441234       2.08085227    
          0.720000029       4.23199081       3.87073255       3.18648171       1.77604568    
          0.730000019       3.91423416       3.65344882       2.82759547       1.50473058    
          0.740000010       3.78414273       3.52362132       2.73388982       1.44200599    
          0.750000000       3.50464320       3.33396435       2.41795158       1.20700467    
          0.759999990       3.38816619       3.22365308       2.33779502       1.16311729    
          0.769999981       3.14300513       3.05623627       2.06431937      0.963512242    
          0.779999971       3.03854680       2.95545316       1.99586308      0.928093255    
          0.790000021       2.82241893       2.80738187       1.75746977      0.757395267    
          0.800000012       2.72861481       2.71512032       1.69917142      0.729176342    
          0.810000002       2.53840733       2.58126903       1.49748516      0.588663578    
          0.819999993       2.45404291       2.49677372       1.44779778      0.566417873    
          0.829999983       2.28477955       2.37869620       1.26826060      0.443560451    
          0.839999974       2.20884538       2.29604030       1.22616875      0.421362638    
          0.850000024       2.06742191       2.19853759       1.07519400      0.320420891    
          0.860000014       1.99871123       2.12695956       1.03950119      0.307526439    
          0.870000005       1.86446857       2.03121257      0.904070199      0.219866350    
          0.879999995       1.80250263       1.96531260      0.874050438      0.210561678    
          0.889999986       1.68272781       1.87858927      0.756971836      0.137217522    
          0.899999976       1.62680149       1.81833410      0.731831372      0.131367207    
          0.910000026       1.51970828       1.73909652      0.630492032       6.94603920E-02
          0.920000017       1.46920013       1.68306744      0.609547913       6.55864850E-02
          0.930000007       1.37950552       1.61680281      0.525434911       1.67666283E-02
          0.939999998       1.33365715       1.56449544      0.507977605       1.44352913E-02
          0.949999988       1.24716651       1.49846458      0.432612091      -2.72727013E-02
          0.959999979       1.20571661       1.45051420      0.418236405      -2.75803413E-02
          0.970000029       1.12795544       1.39633262      0.353202820      -5.49696274E-02
          0.980000019       1.09046757       1.35184348      0.341463834      -5.41533642E-02
          0.990000010       1.02498448       1.29904699      0.289038450      -8.04906711E-02
           1.00000000      0.990918636       1.25778997      0.279430598      -7.86970481E-02
           1.00999999      0.927185774       1.20469189      0.232446715     -0.100676455    
           1.01999998      0.896370649       1.16656220      0.224719092      -9.80900154E-02
           1.02999997      0.842914104       1.12168968      0.185777381     -0.114814281    
           1.03999996      0.814899921       1.08637023      0.179600433     -0.111658096    
           1.04999995      0.762477696       1.04047477      0.145384952     -0.125000402    
           1.05999994      0.737136662       1.00775993      0.140550211     -0.121399879    
           1.07000005      0.712637961      0.976089239      0.135876060     -0.117899857    
           1.08000004      0.670149803      0.938814342      0.108515657     -0.127380177    
           1.09000003      0.647876978      0.909405053      0.104906082     -0.123598099    
           1.10000002      0.610144556      0.877465308       7.91169032E-02 -0.132486269    
           1.11000001      0.589866340      0.850069225       7.64853135E-02 -0.128456429    
           1.12000000      0.554681778      0.817168236       5.68515249E-02 -0.132694170    
           1.13000000      0.536246896      0.791734278       5.49602918E-02 -0.128586888    
           1.13999999      0.501425803      0.758578122       3.80435400E-02 -0.131019309    
           1.14999998      0.484760612      0.735049903       3.67776565E-02 -0.126904294    
           1.15999997      0.468649656      0.712264240       3.55540700E-02 -0.122916259    
           1.16999996      0.440437555      0.684919655       2.22115722E-02 -0.124097109    
           1.17999995      0.425799698      0.663736761       2.14725528E-02 -0.120127879    
           1.19000006      0.400285572      0.638820589       9.82143451E-03 -0.120528780    
           1.20000005      0.386981875      0.619146585       9.49450303E-03 -0.116653644    
           1.21000004      0.352041215      0.562886178       2.38487720E-02  -9.82741490E-02
           1.22000003      0.340340853      0.545599759       2.30549965E-02  -9.51321498E-02
           1.23000002      0.329029530      0.528854787       2.22876277E-02  -9.20883790E-02
           1.24000001      0.318720609      0.530680299      -6.81285048E-03 -0.112787247    
           1.25000000      0.308127791      0.514407873      -6.58609485E-03 -0.109150589    
           1.25999999      0.290872902      0.496089786      -1.26572847E-02 -0.106740594    
           1.26999998      0.281205773      0.480923682      -1.22358995E-02 -0.103267036    
           1.27999997      0.271859795      0.466229945      -1.18286209E-02  -9.99046192E-02
           1.28999996      0.254772812      0.447482497      -1.62530337E-02  -9.68265906E-02
           1.29999995      0.246305421      0.433857530      -1.57119632E-02  -9.36475992E-02
           1.30999994      0.231366679      0.418078899      -2.03286409E-02  -9.10938606E-02
           1.32000005      0.223677054      0.405392528      -1.96518898E-02  -8.80766138E-02
           1.33000004      0.216243222      0.393099308      -1.89975593E-02  -8.51571783E-02
           1.34000003      0.203800663      0.377134085      -2.18467321E-02  -8.40304717E-02
           1.35000002      0.197027251      0.363836616      -2.11193170E-02  -8.31263438E-02
           1.36000001      0.184703097      0.350027442      -2.36919615E-02  -7.97807351E-02
           1.37000000      0.178564444      0.339467317      -2.29030158E-02  -7.71208629E-02
           1.38000000      0.172629759      0.329232603      -2.21403446E-02  -7.45477304E-02
           1.38999999      0.162310794      0.316695243      -2.34671831E-02  -7.11865425E-02
           1.39999998      0.156916305      0.307178587      -2.26856861E-02  -6.87932000E-02
           1.40999997      0.147534102      0.295642167      -2.37633083E-02  -6.55393973E-02
           1.41999996      0.142630816      0.286787748      -2.29719076E-02  -6.33182153E-02
           1.42999995      0.137890443      0.276263177      -2.22068336E-02  -5.72878420E-02
           1.44000006      0.128165483      0.263542205      -2.21503433E-02  -5.34791350E-02
           1.45000005      0.123905815      0.255682558      -2.14125663E-02  -5.16327806E-02
           1.46000004      0.119787782      0.248065606      -2.06993669E-02  -4.98480201E-02
           1.47000003      0.112597145      0.239045933      -2.13586185E-02  -4.71593738E-02
           1.48000002      0.108854949      0.231948912      -2.06471737E-02  -4.55124378E-02
           1.49000001      0.102001362      0.222831830      -2.07521264E-02  -4.26824875E-02
           1.50000000       9.86113325E-02  0.216239631      -2.00608764E-02  -4.11758125E-02
           1.50999999       9.53339711E-02  0.209847346      -1.93925947E-02  -3.97200882E-02
           1.51999998       8.93151760E-02  0.201717451      -1.94127169E-02  -3.71163376E-02
           1.52999997       8.63467976E-02  0.195775628      -1.87660307E-02  -3.57883871E-02
           1.53999996       8.34770426E-02  0.190013289      -1.81408580E-02  -3.45057733E-02
           1.54999995       7.81935081E-02  0.182760850      -1.80930737E-02  -3.21136713E-02
           1.55999994       7.55947605E-02  0.177401051      -1.74902920E-02  -3.09471395E-02
           1.57000005       7.12172762E-02  0.171067521      -1.73557550E-02  -2.89032757E-02
           1.58000004       6.88503608E-02  0.166066960      -1.67774800E-02  -2.78395023E-02
           1.59000003       6.65621385E-02  0.161216363      -1.62185077E-02  -2.68127620E-02
           1.60000002       6.21059947E-02  0.154623732      -1.58287119E-02  -2.46263053E-02
           1.61000001       6.00418746E-02  0.150085434      -1.53013198E-02  -2.37419307E-02
           1.62000000       5.80463894E-02  0.145597845      -1.47914737E-02  -2.28110459E-02
           1.63000000       5.41389175E-02  0.139191389      -1.44112287E-02  -2.09777355E-02
           1.63999999       5.23396023E-02  0.135123923      -1.39310258E-02  -2.01609526E-02
           1.64999998       5.06001078E-02  0.131208479      -1.34668248E-02  -1.93887260E-02
           1.65999997       4.76488434E-02  0.126654878      -1.32802306E-02  -1.78756714E-02
           1.66999996       4.60652150E-02  0.122998096      -1.28376856E-02  -1.71777308E-02
           1.67999995       4.45342250E-02  0.119449854      -1.24098910E-02  -1.65049043E-02
           1.69000006       4.11775634E-02  0.113860823      -1.17080836E-02  -1.46369440E-02
           1.70000005       3.98090221E-02  0.109707318      -1.13179088E-02  -1.39538152E-02
           1.71000004       3.71590927E-02  0.105209686      -1.08192535E-02  -1.25262244E-02
           1.72000003       3.59240845E-02  0.102173291      -1.04587069E-02  -1.19611174E-02
           1.73000002       3.47301513E-02   9.92499366E-02  -1.01101389E-02  -1.14634288E-02
           1.74000001       3.25406231E-02   9.55928564E-02  -9.79603734E-03  -1.02512641E-02
           1.75000000       3.14591266E-02   9.28676501E-02  -9.46955755E-03  -9.81029868E-03
           1.75999999       3.04135736E-02   9.02222767E-02  -9.15395841E-03  -9.38589405E-03
           1.76999998       2.83629224E-02   8.66004005E-02  -8.73809960E-03  -8.24105740E-03
           1.77999997       2.74202731E-02   8.41431990E-02  -8.44686385E-03  -7.86935259E-03
           1.78999996       2.65089571E-02   8.17577541E-02  -8.16532876E-03  -7.51190865E-03
           1.79999995       2.46621724E-02   7.86961243E-02  -7.89561216E-03  -6.40637660E-03
           1.80999994       2.38425117E-02   7.64740705E-02  -7.63244787E-03  -6.09729672E-03
           1.82000005       2.30500996E-02   7.43165836E-02  -7.37805152E-03  -5.80040133E-03
           1.83000004       2.03985292E-02   6.83571473E-02  -5.99894905E-03  -4.48608911E-03
           1.84000003       1.97205711E-02   6.64427951E-02  -5.79899689E-03  -4.24702978E-03
           1.85000002       1.90651510E-02   6.45837411E-02  -5.60569763E-03  -4.01767576E-03
           1.86000001       1.87792499E-02   6.50869831E-02  -6.33925572E-03  -3.60168517E-03
           1.87000000       1.81551129E-02   6.32663816E-02  -6.12794375E-03  -3.39134783E-03
           1.88000000       1.75517201E-02   6.14982247E-02  -5.92367351E-03  -3.18983686E-03
           1.88999999       1.63360406E-02   5.91418259E-02  -5.63598750E-03  -2.46206927E-03
           1.89999998       1.57931075E-02   5.74955232E-02  -5.44811087E-03  -2.29266286E-03
           1.90999997       1.52682187E-02   5.58965653E-02  -5.26649738E-03  -2.13066232E-03
           1.91999996       1.47607811E-02   5.43433689E-02  -5.09093748E-03  -1.97580946E-03
           1.92999995       1.39672132E-02   5.27687818E-02  -4.96830791E-03  -1.47977972E-03
           1.94000006       1.35030029E-02   5.13068140E-02  -4.80267918E-03  -1.34784728E-03
           1.95000005       1.30542256E-02   4.98866104E-02  -4.64257039E-03  -1.22200197E-03
           1.96000004       1.21414242E-02   4.80239503E-02  -4.40978073E-03  -6.59619749E-04
           1.97000003       1.17379054E-02   4.66999672E-02  -4.26276727E-03  -5.58003783E-04
           1.98000002       1.13477940E-02   4.54136170E-02  -4.12065862E-03  -4.61424381E-04
           1.99000001       1.05484249E-02   4.37384360E-02  -3.91072268E-03   3.75335403E-05
           2.00000000       1.01978509E-02   4.25384939E-02  -3.78034520E-03   1.12911068E-04
