          0.100000001       845.600403       779.789978       174.183395       148.789185    
          0.109999999       731.522766       670.810181       162.841675       138.881790    
          0.119999997       582.397034       529.162781       148.213181       126.645531    
          0.129999995       504.233734       455.370514       137.558395       117.435059    
          0.140000001       434.915863       390.128296       126.867149       108.087868    
          0.150000006       344.771881       305.531342       113.353874       96.2857895    
          0.159999996       298.046051       261.973663       104.118721       88.1045609    
          0.170000002       258.670135       225.427292       95.7507858       80.6412354    
          0.180000007       223.666748       193.137497       87.5849838       73.4517212    
          0.189999998       194.291092       166.307526       80.2546310       67.0664139    
          0.200000003       168.242523       142.626999       73.3867874       61.0615997    
          0.209999993       146.391373       122.879509       67.0471420       55.5043221    
          0.219999999       126.995422       105.482452       61.1375694       50.3527222    
          0.230000004       110.823845       91.0755920       55.8147240       45.6767387    
          0.239999995       95.5006943       77.5225525       50.6090088       41.1527405    
          0.250000000       83.6538315       67.1079788       46.1901054       37.2912750    
          0.259999990       72.2951508       57.2867126       41.7898560       33.5411186    
          0.270000011       62.9542503       49.2471504       37.9388237       30.2234745    
          0.280000001       54.6372490       42.1739502       34.3180504       27.1294193    
          0.289999992       47.8355408       36.4418449       31.1707325       24.4390793    
          0.300000012       41.7549553       31.3595963       28.2135677       21.9086151    
          0.310000002       36.3559456       26.9164486       25.4846592       19.5986767    
          0.319999993       31.9555969       23.3097458       23.0965786       17.5584335    
          0.330000013       27.6644516       19.8855343       20.7353840       15.5925665    
          0.340000004       24.2091618       17.1627617       18.7135792       13.9117241    
          0.349999994       23.0436764       16.2272472       17.8289280       13.1801233    
          0.360000014       20.2777061       14.0891342       16.1109695       11.7658234    
          0.370000005       17.7866993       12.1986742       14.5161867       10.4623489    
          0.379999995       15.6185579       10.5845938       13.0729475       9.29180813    
          0.389999986       13.7358017       9.19231129       11.7577286       8.22190952    
          0.400000006       13.0928421       8.70940876       11.2147989       7.79813242    
          0.409999996       11.3952894       7.52383661       10.0107279       6.84923697    
          0.419999987       10.1928177       6.68513632       9.08356285       6.12615204    
          0.430000007       9.01246929       5.88379431       8.16405010       5.40917397    
          0.439999998       8.60023689       5.58287191       7.79470634       5.13245249    
          0.449999988       7.61028147       4.92909765       6.99231958       4.51590872    
          0.460000008       6.75020361       4.37832546       6.27614450       3.96895790    
          0.469999999       6.44685698       4.15068960       5.99675131       3.75003123    
          0.479999989       5.73294401       3.70175719       5.37935019       3.28080153    
          0.490000010       5.10332251       3.32729340       4.81897306       2.86932182    
          0.500000000       4.87807798       3.17262769       4.60800505       2.72889256    
          0.509999990       4.36470795       2.88452148       4.13801432       2.38690495    
          0.519999981       3.89452100       2.62134624       3.69500828       2.07481313    
          0.529999971       3.72575951       2.50187421       3.53601813       1.97090709    
          0.540000021       3.34263682       2.29956436       3.16562629       1.71593368    
          0.550000012       3.00855255       2.12859130       2.83510327       1.49257910    
          0.560000002       2.88059974       2.03656268       2.71526408       1.41828096    
          0.569999993       2.59817004       1.89872360       2.42938447       1.22238922    
          0.579999983       2.34172797       1.77338159       2.16555238       1.05978394    
          0.589999974       2.24401975       1.70168161       2.07567501       1.00811565    
          0.600000024       2.02684307       1.61111486       1.84798443      0.870153248    
          0.610000014       1.84210014       1.53321588       1.65051854      0.748134792    
          0.620000005       1.76672280       1.47548103       1.58329260      0.712508976    
          0.629999995       1.60273015       1.40975857       1.40576744      0.606392562    
          0.639999986       1.53800833       1.35888159       1.34923792      0.577947557    
          0.649999976       1.40026295       1.30496395       1.19922841      0.491503000    
          0.660000026       1.27888179       1.25741661       1.06718695      0.418390840    
          0.670000017       1.22826922       1.21081448       1.02510583      0.395287514    
          0.680000007       1.12309039       1.17346525      0.908856094      0.333618641    
          0.689999998       1.07924771       1.13556480      0.873493195      0.319095016    
          0.699999988      0.989126384       1.10508931      0.773479283      0.268645912    
          0.709999979      0.951045811       1.07080650      0.743789434      0.257481575    
          0.720000029      0.873629272       1.04565918      0.657800078      0.216462925    
          0.730000019      0.804083347       1.02313793      0.580860078      0.181576014    
          0.740000010      0.773776472      0.993393481      0.559022129      0.174890593    
          0.750000000      0.713521004      0.974890232      0.492278218      0.146544173    
          0.759999990      0.687012374      0.947560310      0.474030495      0.141698793    
          0.769999981      0.634897351      0.931375563      0.416999340      0.119349279    
          0.779999971      0.611651838      0.906156242      0.401762217      0.115945540    
          0.790000021      0.566319168      0.892136097      0.352636784       9.83270407E-02
          0.800000012      0.545890033      0.868676960      0.339938313       9.59612951E-02
          0.810000002      0.506487727      0.854800284      0.298792839       8.27815160E-02
          0.819999993      0.488490790      0.833102226      0.288192123       8.13502073E-02
          0.829999983      0.453843921      0.821736097      0.251924723       7.09894896E-02
          0.839999974      0.437962562      0.801496506      0.243120715       7.02162981E-02
          0.850000024      0.409290701      0.792523384      0.212857798       6.24538660E-02
          0.860000014      0.395189762      0.773380101      0.205532506       6.20033741E-02
          0.870000005      0.368286014      0.756357968      0.178579763       4.91251536E-02
          0.879999995      0.355796665      0.738673925      0.172529146       4.93044443E-02
          0.889999986      0.332014829      0.732553244      0.149356231       4.85796146E-02
          0.899999976      0.320935339      0.721616983      0.144375607       5.46751805E-02
          0.910000026      0.299849719      0.707036197      0.124400757       4.63401861E-02
          0.920000017      0.290006042      0.691334069      0.120318912       4.68485765E-02
          0.930000007      0.272491843      0.683733702      0.103788435       4.53029461E-02
          0.939999998      0.263693839      0.668903351      0.100438528       4.59028482E-02
          0.949999988      0.246903494      0.660647929       8.56448933E-02   4.55245189E-02
          0.959999979      0.239065528      0.646653712       8.29265490E-02   4.61618118E-02
          0.970000029      0.224054813      0.638764560       7.01594949E-02   4.65322323E-02
          0.980000019      0.217063591      0.625541210       6.79702535E-02   4.71648760E-02
          0.990000010      0.204514921      0.618073523       5.76717854E-02   4.79242019E-02
           1.00000000      0.198244497      0.605553806       5.59032671E-02   4.85192947E-02
           1.00999999      0.186040118      0.597614110       4.66405153E-02   5.00064678E-02
           1.01999998      0.180437103      0.585772753       4.52353843E-02   5.05380221E-02
           1.02999997      0.170271397      0.578831375       3.75276506E-02   5.20040207E-02
           1.03999996      0.165235862      0.568019152       3.64172645E-02   5.25932312E-02
           1.04999995      0.155235305      0.559978426       2.95993984E-02   5.45338392E-02
           1.05999994      0.150728777      0.549308836       2.87395120E-02   5.48628569E-02
           1.07000005      0.146393999      0.538972199       2.79123876E-02   5.51819019E-02
           1.08000004      0.138342038      0.532527745       2.24013682E-02   5.70141077E-02
           1.09000003      0.134438813      0.522710323       2.17687245E-02   5.72438426E-02
           1.10000002      0.127302185      0.517714560       1.65071636E-02   5.90551309E-02
           1.11000001      0.123779774      0.508352220       1.60499606E-02   5.92115708E-02
           1.12000000      0.117099367      0.501910448       1.20019810E-02   6.10677786E-02
           1.13000000      0.113923013      0.493005842       1.16760386E-02   6.11594506E-02
           1.13999999      0.107228667      0.486207962       8.13551247E-03   6.36118650E-02
           1.14999998      0.104378484      0.477727085       7.91895390E-03   6.35702237E-02
           1.15999997      0.101632498      0.469495654       7.71034276E-03   6.35070577E-02
           1.16999996       9.62257683E-02  0.463601589       4.85273218E-03   6.54850230E-02
           1.17999995       9.37467813E-02  0.455739111       4.72753262E-03   6.53026924E-02
           1.19000006       8.88355374E-02  0.450323194       2.17966735E-03   6.72344193E-02
           1.20000005       8.65953937E-02  0.442838520       2.12459755E-03   6.69243559E-02
           1.21000004       7.94522688E-02  0.420756608       5.38243353E-03   6.93236366E-02
           1.22000003       7.74921030E-02  0.413998753       5.24938619E-03   6.89277425E-02
           1.23000002       7.56014735E-02  0.407444388       5.12105739E-03   6.85399547E-02
           1.24000001       7.39229918E-02  0.417671204      -1.58014894E-03   6.99485913E-02
           1.25000000       7.21598268E-02  0.411147475      -1.54238439E-03   6.95236921E-02
           1.25999999       6.87994063E-02  0.406479120      -2.99380231E-03   7.09504262E-02
           1.26999998       6.71960637E-02  0.400271297      -2.92385626E-03   7.04645738E-02
           1.27999997       6.56485111E-02  0.394226164      -2.85637379E-03   6.99632168E-02
           1.28999996       6.21891357E-02  0.388978869      -3.96730239E-03   7.16024041E-02
           1.29999995       6.07909113E-02  0.383049488      -3.87788564E-03   7.14346766E-02
           1.30999994       5.77551462E-02  0.378930926      -5.07456297E-03   7.30082765E-02
           1.32000005       5.64881749E-02  0.373482019      -4.96295327E-03   7.23886862E-02
           1.33000004       5.52645214E-02  0.368177801      -4.85514337E-03   7.17598572E-02
           1.34000003       5.27229272E-02  0.362190962      -5.65171754E-03   7.64660239E-02
           1.35000002       5.16097695E-02  0.357184559      -5.53204119E-03   7.57393613E-02
           1.36000001       4.90018427E-02  0.353097826      -6.28548861E-03   7.70764127E-02
           1.37000000       4.79940772E-02  0.347988337      -6.15580892E-03   7.59482980E-02
           1.38000000       4.70201969E-02  0.343368441      -6.03049481E-03   7.51978979E-02
           1.38999999       4.48140018E-02  0.339183331      -6.47929078E-03   7.61686191E-02
           1.39999998       4.39292528E-02  0.334813446      -6.35093683E-03   7.53906965E-02
           1.40999997       4.18908447E-02  0.330916315      -6.74735755E-03   7.62935504E-02
           1.41999996       4.10868041E-02  0.326518744      -6.61737984E-03   7.60262832E-02
           1.42999995       4.03094850E-02  0.322515041      -6.49172068E-03   7.52065107E-02
           1.44000006       3.80320996E-02  0.317564487      -6.57293946E-03   7.62200579E-02
           1.45000005       3.73334847E-02  0.313789129      -6.45171851E-03   7.53726885E-02
           1.46000004       3.66579480E-02  0.310129046      -6.33450365E-03   7.45194256E-02
           1.47000003       3.50068845E-02  0.306954771      -6.64047664E-03   7.52579346E-02
           1.48000002       3.43927033E-02  0.303521007      -6.52346900E-03   7.44026527E-02
           1.49000001       3.27595510E-02  0.299550623      -6.66491454E-03   7.46189132E-02
           1.50000000       3.22028250E-02  0.296203882      -6.55114418E-03   7.36243501E-02
           1.50999999       3.16644385E-02  0.293088615      -6.44110283E-03   7.27632269E-02
           1.51999998       3.01806182E-02  0.289672703      -6.55977940E-03   7.34708011E-02
           1.52999997       2.96926498E-02  0.286758810      -6.45320117E-03   7.25944564E-02
           1.53999996       2.92207953E-02  0.283890694      -6.35013217E-03   7.18299448E-02
           1.54999995       2.78701261E-02  0.280956000      -6.44882163E-03   7.23465085E-02
           1.55999994       2.74425671E-02  0.278329521      -6.34936243E-03   7.14794397E-02
           1.57000005       2.63393316E-02  0.275346369      -6.41893363E-03   7.15962648E-02
           1.58000004       2.59497892E-02  0.272832274      -6.32345164E-03   7.08517209E-02
           1.59000003       2.55731642E-02  0.270473987      -6.23114780E-03   6.99745193E-02
           1.60000002       2.43300069E-02  0.267557323      -6.20089239E-03   7.07147121E-02
           1.61000001       2.39903126E-02  0.265380979      -6.11379230E-03   6.98369741E-02
           1.62000000       2.36619953E-02  0.262165338      -6.02958864E-03   6.86518177E-02
           1.63000000       2.25217361E-02  0.257681519      -5.99505613E-03   6.79907799E-02
           1.63999999       2.22259816E-02  0.255619675      -5.91580430E-03   6.75575957E-02
           1.64999998       2.19402257E-02  0.253807932      -5.83922258E-03   6.67113364E-02
           1.65999997       2.11019665E-02  0.252211124      -5.88133698E-03   6.70240745E-02
           1.66999996       2.08423417E-02  0.250569731      -5.80845028E-03   6.62716255E-02
           1.67999995       2.05916651E-02  0.248880908      -5.73806465E-03   6.57608733E-02
           1.69000006       1.94627400E-02  0.245118782      -5.53387264E-03   6.56723008E-02
           1.70000005       1.92394312E-02  0.241674304      -5.46986982E-03   6.46937266E-02
           1.71000004       1.83681175E-02  0.239069626      -5.34806773E-03   6.43187538E-02
           1.72000003       1.81675274E-02  0.237893835      -5.28917788E-03   6.35821447E-02
           1.73000002       1.79741848E-02  0.236848548      -5.23238117E-03   6.27702847E-02
           1.74000001       1.72394067E-02  0.235423028      -5.18975407E-03   6.29895329E-02
           1.75000000       1.70654822E-02  0.233755961      -5.13690710E-03   6.27215728E-02
           1.75999999       1.68980416E-02  0.232972264      -5.08601731E-03   6.19429052E-02
           1.76999998       1.61450170E-02  0.231441841      -4.97398572E-03   6.20762520E-02
           1.77999997       1.59955565E-02  0.230844975      -4.92745964E-03   6.13043122E-02
           1.78999996       1.58519298E-02  0.230306938      -4.88273427E-03   6.05030470E-02
           1.79999995       1.51218222E-02  0.229540274      -4.84126201E-03   6.09776191E-02
           1.80999994       1.49944201E-02  0.228463963      -4.80000302E-03   5.94521947E-02
           1.82000005       1.48722632E-02  0.228231445      -4.76042740E-03   5.86779825E-02
           1.83000004       1.35067552E-02  0.222780421      -3.97216342E-03   5.84604740E-02
           1.84000003       1.34042380E-02  0.222354695      -3.94162489E-03   5.83150797E-02
           1.85000002       1.33062126E-02  0.222417310      -3.91240558E-03   5.76038472E-02
           1.86000001       1.34618608E-02  0.226864055      -4.54428000E-03   5.83431721E-02
           1.87000000       1.33708986E-02  0.227136448      -4.51311516E-03   5.76027036E-02
           1.88000000       1.32842651E-02  0.227504328      -4.48341481E-03   5.68918400E-02
           1.88999999       1.27099045E-02  0.227316573      -4.38495912E-03   5.71478195E-02
           1.89999998       1.26346340E-02  0.224863574      -4.35854075E-03   6.25342354E-02
           1.90999997       1.25633255E-02  0.225452363      -4.33349237E-03   6.20728135E-02
           1.91999996       1.24959080E-02  0.226201460      -4.30979254E-03   6.15311451E-02
           1.92999995       1.21683711E-02  0.227292418      -4.32843762E-03   6.18253537E-02
           1.94000006       1.21098692E-02  0.228247836      -4.30717552E-03   6.13695867E-02
           1.95000005       1.20550171E-02  0.227462456      -4.28721355E-03   6.46550059E-02
           1.96000004       1.15482314E-02  0.227969170      -4.19433229E-03   6.52674660E-02
           1.97000003       1.15023563E-02  0.229201123      -4.17722436E-03   6.50148168E-02
           1.98000002       1.14598796E-02  0.230578050      -4.16135835E-03   6.47702739E-02
           1.99000001       1.09812059E-02  0.227644876      -4.07117093E-03   6.16089515E-02
           2.00000000       1.09467795E-02  0.229009673      -4.05797223E-03   6.11219406E-02
