          0.100000001       1360.68311       1267.20178       280.284088       252.483810    
          0.109999999       1172.48865       1087.11633       261.003448       234.845261    
          0.119999997       929.538391       855.401184       236.556564       212.819778    
          0.129999995       801.171814       733.795959       218.565109       196.466873    
          0.140000001       687.738098       626.597900       200.616638       180.051407    
          0.150000006       542.440613       489.417633       178.343216       159.658829    
          0.159999996       466.427887       418.168701       162.940781       145.499084    
          0.170000002       402.537842       358.520111       149.005646       132.688004    
          0.180000007       346.018555       306.012177       135.496338       120.293159    
          0.189999998       298.721832       262.416107       123.391182       109.254860    
          0.200000003       257.006683       224.125351       112.105408       98.9479294    
          0.209999993       222.124756       192.267563       101.732979       89.4670029    
          0.219999999       191.346603       164.318604       92.1172180       80.7030869    
          0.230000004       165.766068       141.216537       83.4855270       72.8328171    
          0.239999995       141.767578       119.665489       75.1273956       65.2287216    
          0.250000000       123.209106       103.107056       68.0308533       58.7683372    
          0.259999990       105.616249       87.5458374       61.0509453       52.4386787    
          0.270000011       91.1989822       74.8788681       54.9602547       46.9401436    
          0.280000001       78.4648819       63.8214836       49.2843628       41.8751831    
          0.289999992       68.0827713       54.8490906       44.3642998       37.4608040    
          0.300000012       58.8807182       46.9513817       39.7853394       33.3551636    
          0.310000002       50.7805367       40.0729523       35.5959663       29.6195087    
          0.319999993       44.1981392       34.5176315       31.9451351       26.3620682    
          0.330000013       37.8785057       29.2682037       28.3911381       23.2253170    
          0.340000004       32.8051910       25.0963078       25.3582687       20.5565548    
          0.349999994       30.8947697       23.5265350       23.9033298       19.3098087    
          0.360000014       26.8906116       20.2793427       21.3650303       17.0934620    
          0.370000005       23.3240814       17.4236393       19.0353851       15.0680132    
          0.379999995       20.2467728       14.9926634       16.9468269       13.2621870    
          0.389999986       17.5975742       12.9089365       15.0633707       11.6316156    
          0.400000006       16.5727749       12.1050444       14.1955690       10.9197264    
          0.409999996       14.2471342       10.3430433       12.5160637       9.49049759    
          0.419999987       12.5839052       9.08148956       11.2144356       8.39583969    
          0.430000007       10.9840555       7.88901186       9.95003510       7.34298182    
          0.439999998       10.3443956       7.39831305       9.37550068       6.88881683    
          0.449999988       9.03129482       6.43987274       8.29794502       5.99362516    
          0.460000008       7.90130377       5.63214493       7.34640360       5.20750380    
          0.469999999       7.44117165       5.26730299       6.92164421       4.86773109    
          0.479999989       6.52319860       4.62205505       6.12086296       4.21419573    
          0.490000010       5.72273779       4.07348251       5.40387535       3.63803291    
          0.500000000       5.38947058       3.82411218       5.09108448       3.40929151    
          0.509999990       4.74982214       3.40051675       4.50312662       2.93975616    
          0.519999981       4.17329741       3.01778483       3.95950317       2.51684690    
          0.529999971       3.93026280       2.83407092       3.73010659       2.35524297    
          0.540000021       3.47020984       2.53796959       3.28644395       2.01596522    
          0.550000012       3.07300067       2.28594208       2.89583588       1.72165716    
          0.560000002       2.89404225       2.14830351       2.72793484       1.60855532    
          0.569999993       2.56675553       1.93527317       2.40001082       1.35538852    
          0.579999983       2.27419162       1.75871623       2.10309672       1.13428414    
          0.589999974       2.14175200       1.65542793       1.98107946       1.05829728    
          0.600000024       1.90061033       1.51304817       1.73289120      0.882561862    
          0.610000014       1.69666004       1.39372969       1.52020454      0.733934402    
          0.620000005       1.59785414       1.31349480       1.43195677      0.682849705    
          0.629999995       1.42296660       1.21299398       1.24809539      0.557640314    
          0.639999986       1.34009945       1.14461505       1.17561972      0.518245697    
          0.649999976       1.19704473       1.06265593       1.02518594      0.419336528    
          0.660000026       1.07233810      0.990175664      0.894832611      0.336392283    
          0.670000017       1.00988996      0.935213745      0.842847824      0.310660005    
          0.680000007      0.905217171      0.876169860      0.732542992      0.242774203    
          0.689999998      0.852501452      0.829088509      0.689975321      0.224073812    
          0.699999988      0.765491664      0.780209959      0.598600864      0.170220494    
          0.709999979      0.720912457      0.739035428      0.563807905      0.156425759    
          0.720000029      0.648454428      0.698241234      0.488254428      0.114039503    
          0.730000019      0.584255755      0.661490142      0.422059298       7.85721168E-02
          0.740000010      0.550231278      0.626739740      0.397519797       7.01040030E-02
          0.750000000      0.496412843      0.595914781      0.342489123       4.23663855E-02
          0.759999990      0.467504114      0.566011250      0.322572351       3.74297686E-02
          0.769999981      0.422461718      0.538591504      0.277471989       1.59392748E-02
          0.779999971      0.397859424      0.511795223      0.261333108       1.34367943E-02
          0.790000021      0.360003322      0.488699168      0.224167630      -2.76700663E-03
          0.800000012      0.339038372      0.464867353      0.211127028      -3.98490811E-03
          0.810000002      0.307248205      0.448336273      0.181255266      -1.13038421E-02
          0.819999993      0.289355487      0.426988363      0.170709416      -1.19489832E-02
          0.829999983      0.262431175      0.408718824      0.145673200      -2.01516543E-02
          0.839999974      0.247148395      0.389572531      0.137196407      -1.99947748E-02
          0.850000024      0.225342467      0.374622583      0.117192768      -2.62939930E-02
          0.860000014      0.212219596      0.357342631      0.110372365      -2.55561862E-02
          0.870000005      0.192846656      0.340144128       9.35102403E-02  -2.43771467E-02
          0.879999995      0.181616113      0.323429078       8.80673602E-02  -2.47344580E-02
          0.889999986      0.165163383      0.310915351       7.42984265E-02  -2.75211539E-02
          0.899999976      0.155544981      0.296770900       6.99733049E-02  -2.65171919E-02
          0.910000026      0.141547829      0.284699976       5.87249398E-02  -2.89397445E-02
          0.920000017      0.133304611      0.272135943       5.53059727E-02  -2.75053382E-02
          0.930000007      0.121929705      0.261912227       4.64413613E-02  -2.87084784E-02
          0.939999998      0.114828952      0.250502974       4.37372774E-02  -2.71841493E-02
          0.949999988      0.104605228      0.241276562       3.62850390E-02  -2.70996094E-02
          0.959999979       9.85134467E-02  0.230910003       3.41721326E-02  -2.55640149E-02
          0.970000029       8.97767320E-02  0.222096041       2.81122774E-02  -2.54346132E-02
          0.980000019       8.45485255E-02  0.212674364       2.64751222E-02  -2.39196718E-02
          0.990000010       7.74162486E-02  0.205140531       2.18308438E-02  -2.30340566E-02
           1.00000000       7.29078725E-02  0.196543574       2.05593985E-02  -2.15883460E-02
           1.00999999       6.64545074E-02  0.189359024       1.66602340E-02  -2.04023514E-02
           1.01999998       6.25845119E-02  0.181521595       1.56898666E-02  -1.90482438E-02
           1.02999997       5.73302805E-02  0.175204828       1.26355393E-02  -1.78494155E-02
           1.03999996       5.39916269E-02  0.168086246       1.18995234E-02  -1.66043639E-02
           1.04999995       4.92119826E-02  0.161926687       9.38346237E-03  -1.52124064E-02
           1.05999994       4.63461019E-02  0.155376658       8.83683283E-03  -1.40713649E-02
           1.07000005       4.36471254E-02  0.149118230       8.32203310E-03  -1.29923029E-02
           1.08000004       3.99834365E-02  0.143978760       6.47441298E-03  -1.17584169E-02
           1.09000003       3.76549661E-02  0.138239756       6.09719986E-03  -1.07855694E-02
           1.10000002       3.45448889E-02  0.133824274       4.47940314E-03  -9.64418054E-03
           1.11000001       3.25331688E-02  0.128541291       4.21843072E-03  -8.77140928E-03
           1.12000000       2.98014972E-02  0.124105670       3.05447355E-03  -7.59707903E-03
           1.13000000       2.80660018E-02  0.119253792       2.87650269E-03  -6.82709599E-03
           1.13999999       2.55648792E-02  0.114968300       1.93962827E-03  -5.61711192E-03
           1.14999998       2.40760911E-02  0.110518694       1.82659796E-03  -4.94912267E-03
           1.15999997       2.26740148E-02  0.106257774       1.72016397E-03  -4.32317471E-03
           1.16999996       2.07580272E-02  0.102596663       1.04684138E-03  -3.33246589E-03
           1.17999995       1.95491780E-02   9.86749157E-02   9.85840918E-04  -2.79414165E-03
           1.19000006       1.79025270E-02   9.53376517E-02   4.39257681E-04  -1.88812113E-03
           1.20000005       1.68599579E-02   9.17262733E-02   4.13654983E-04  -1.43049157E-03
           1.21000004       1.49410367E-02   8.53386447E-02   1.01216941E-03  -2.42913768E-04
           1.22000003       1.40709383E-02   8.21624175E-02   9.53176990E-04   1.10467277E-04
           1.23000002       1.32515095E-02   7.91153908E-02   8.97623599E-04   4.37920302E-04
           1.24000001       1.25043718E-02   7.91667253E-02  -2.67288327E-04   8.66293907E-04
           1.25000000       1.17761781E-02   7.62281418E-02  -2.51710415E-04   1.15586317E-03
           1.25999999       1.08292438E-02   7.36909285E-02  -4.71232459E-04   1.73632300E-03
           1.26999998       1.01985997E-02   7.09756166E-02  -4.43765282E-04   1.97032094E-03
           1.27999997       9.60467849E-03   6.83146864E-02  -4.17900592E-04   2.29275716E-03
           1.28999996       8.76824092E-03   6.58965483E-02  -5.59362874E-04   2.87667406E-03
           1.29999995       8.25761631E-03   6.34133890E-02  -5.26757911E-04   3.10489791E-03
           1.30999994       7.55619397E-03   6.12101518E-02  -6.63913146E-04   3.57251870E-03
           1.32000005       7.11615430E-03   5.89177199E-02  -6.25213317E-04   3.61062842E-03
           1.33000004       6.70174276E-03   5.67294993E-02  -5.88766590E-04   3.65240616E-03
           1.34000003       6.15279516E-03   5.48238344E-02  -6.59558631E-04   4.00019204E-03
           1.35000002       5.79448650E-03   5.28570898E-02  -6.21109910E-04   4.06979024E-03
           1.36000001       5.29156066E-03   5.10780402E-02  -6.78751327E-04   4.41057235E-03
           1.37000000       4.98340419E-03   4.92579341E-02  -6.39180013E-04   4.44791699E-03
           1.38000000       4.69319429E-03   4.75077517E-02  -6.01917796E-04   4.47620684E-03
           1.38999999       4.29854868E-03   4.58728522E-02  -6.21491752E-04   4.71369922E-03
           1.39999998       4.04821848E-03   4.42535691E-02  -5.85258647E-04   4.71696770E-03
           1.40999997       3.70774209E-03   4.27458882E-02  -5.97206119E-04   4.91592288E-03
           1.41999996       3.49182077E-03   4.12463881E-02  -5.62387810E-04   4.89766384E-03
           1.42999995       3.28847580E-03   3.98033932E-02  -5.29599085E-04   4.87390161E-03
           1.44000006       2.97750602E-03   3.83305773E-02  -5.14590822E-04   5.05336607E-03
           1.45000005       2.80410796E-03   3.69992964E-02  -4.84586839E-04   5.01096994E-03
           1.46000004       2.64080870E-03   3.57175618E-02  -4.56332375E-04   4.96473676E-03
           1.47000003       2.41809455E-03   3.45324390E-02  -4.58689727E-04   5.07547474E-03
           1.48000002       2.27727671E-03   3.33427899E-02  -4.31944762E-04   5.01592970E-03
           1.49000001       2.07871501E-03   3.21970694E-02  -4.22913727E-04   5.10079646E-03
           1.50000000       1.95765914E-03   3.10943369E-02  -3.98254022E-04   5.03018266E-03
           1.50999999       1.84365467E-03   3.00320219E-02  -3.75031814E-04   4.95784497E-03
           1.51999998       1.68259256E-03   2.90123317E-02  -3.65712680E-04   5.01384353E-03
           1.52999997       1.58460531E-03   2.80265603E-02  -3.44387401E-04   4.93315840E-03
           1.53999996       1.49232429E-03   2.70765331E-02  -3.24305292E-04   4.85165277E-03
           1.54999995       1.36172271E-03   2.61674523E-02  -3.15086916E-04   4.88412380E-03
           1.55999994       1.28242292E-03   2.52851192E-02  -2.96713086E-04   4.79655713E-03
           1.57000005       1.17691827E-03   2.44467314E-02  -2.86816852E-04   4.79725515E-03
           1.58000004       1.10837969E-03   2.36264262E-02  -2.70090386E-04   4.70579788E-03
           1.59000003       1.04383298E-03   2.28353757E-02  -2.54339917E-04   4.61463630E-03
           1.60000002       9.48766072E-04   2.20529269E-02  -2.41808244E-04   4.61476436E-03
           1.61000001       8.93513614E-04   2.13184506E-02  -2.27706783E-04   4.52055270E-03
           1.62000000       8.41479108E-04   2.06099506E-02  -2.14427171E-04   4.42712614E-03
           1.63000000       7.64538709E-04   1.98167507E-02  -2.03512376E-04   4.36015287E-03
           1.63999999       7.20015785E-04   1.91612188E-02  -1.91643878E-04   4.26656706E-03
           1.64999998       6.78085082E-04   1.85286906E-02  -1.80467105E-04   4.17408301E-03
           1.65999997       6.22022955E-04   1.79302506E-02  -1.73364300E-04   4.14292561E-03
           1.66999996       5.85799513E-04   1.73407998E-02  -1.63253586E-04   4.05014167E-03
           1.67999995       5.51685516E-04   1.67718679E-02  -1.53732486E-04   3.95870069E-03
           1.69000006       4.96911991E-04   1.61760543E-02  -1.41287790E-04   3.92613234E-03
           1.70000005       4.67974023E-04   1.54350447E-02  -1.33047448E-04   3.81396082E-03
           1.71000004       4.25526290E-04   1.49089769E-02  -1.23896345E-04   3.76893580E-03
           1.72000003       4.00745572E-04   1.44245252E-02  -1.16670468E-04   3.67894024E-03
           1.73000002       3.77408374E-04   1.39567060E-02  -1.09865658E-04   3.59060126E-03
           1.74000001       3.44470347E-04   1.35003431E-02  -1.03699451E-04   3.54450825E-03
           1.75000000       3.24409833E-04   1.30643090E-02  -9.76511146E-05   3.45768291E-03
           1.75999999       3.05517839E-04   1.26430737E-02  -9.19555532E-05   3.37256864E-03
           1.76999998       2.77550280E-04   1.22199655E-02  -8.55081671E-05   3.32320225E-03
           1.77999997       2.61386973E-04   1.18276952E-02  -8.05207310E-05   3.23999557E-03
           1.78999996       2.46164855E-04   1.14486581E-02  -7.58240712E-05   3.15853581E-03
           1.79999995       2.23093186E-04   1.10795498E-02  -7.14234266E-05   3.11621954E-03
           1.80999994       2.10101323E-04   1.07258549E-02  -6.72574897E-05   3.03657539E-03
           1.82000005       1.97865869E-04   1.03840008E-02  -6.33344243E-05   2.95869517E-03
           1.83000004       1.70576081E-04   9.93540883E-03  -5.01642535E-05   2.89426115E-03
           1.84000003       1.60642550E-04   9.62146930E-03  -4.72382526E-05   2.81922519E-03
           1.85000002       1.51287546E-04   9.31792613E-03  -4.44828293E-05   2.74592265E-03
           1.86000001       1.45165061E-04   9.11633391E-03  -4.90029342E-05   2.71105324E-03
           1.87000000       1.36711271E-04   8.82843230E-03  -4.61445125E-05   2.63961498E-03
           1.88000000       1.28749874E-04   8.55004508E-03  -4.34528483E-05   2.56987964E-03
           1.88999999       1.16733492E-04   8.27281270E-03  -4.02734477E-05   2.52170605E-03
           1.89999998       1.09935434E-04   8.01290851E-03  -3.79241646E-05   2.45441869E-03
           1.90999997       1.03533210E-04   7.76157295E-03  -3.57119243E-05   2.38879421E-03
           1.91999996       9.75039802E-05   7.51844933E-03  -3.36287594E-05   2.32478231E-03
           1.92999995       8.98761573E-05   7.28921639E-03  -3.19700448E-05   2.27730977E-03
           1.94000006       8.46420517E-05   7.06152851E-03  -3.01050459E-05   2.21580337E-03
           1.95000005       7.97128450E-05   6.84126327E-03  -2.83488826E-05   2.15584436E-03
           1.96000004       7.22217956E-05   6.62276754E-03  -2.62310496E-05   2.11194064E-03
           1.97000003       6.80159646E-05   6.41690241E-03  -2.47008484E-05   2.05435511E-03
           1.98000002       6.40550352E-05   6.21770928E-03  -2.32599268E-05   1.99824944E-03
           1.99000001       5.80030610E-05   6.02040673E-03  -2.15040545E-05   1.95629825E-03
           2.00000000       5.46251977E-05   5.83414314E-03  -2.02495721E-05   1.90250704E-03
