          0.100000001       1360.68311       1262.74231       280.284088       249.356857    
          0.109999999       1172.48865       1082.82129       261.003448       231.888596    
          0.119999997       929.538391       851.446777       236.556564       210.301834    
          0.129999995       801.171814       730.030273       218.565109       194.158157    
          0.140000001       687.738098       623.029358       200.616638       177.914917    
          0.150000006       542.440613       486.212250       178.343216       157.711197    
          0.159999996       466.427887       415.153229       162.940781       143.638504    
          0.170000002       402.537842       355.695404       149.005646       130.860657    
          0.180000007       346.018555       303.356354       135.496338       118.585419    
          0.189999998       298.721832       259.934357       123.391182       107.668365    
          0.200000003       257.006683       221.804153       112.105408       97.4648209    
          0.209999993       222.124756       190.095779       101.732979       88.0792770    
          0.219999999       191.346603       162.296906       92.1172180       79.4088821    
          0.230000004       165.766068       139.327591       83.4855270       71.6190491    
          0.239999995       141.767578       117.919189       75.1273956       64.0978394    
          0.250000000       123.209106       101.474495       68.0308533       57.7023163    
          0.259999990       105.616249       86.0351791       61.0509453       51.4686394    
          0.270000011       91.1989822       73.4922256       54.9602547       46.0145302    
          0.280000001       78.4648819       62.5549812       49.2843628       41.0208282    
          0.289999992       68.0827713       53.6812859       44.3642998       36.6621094    
          0.300000012       58.8807182       45.8770752       39.7853394       32.6076126    
          0.310000002       50.7805367       39.0921555       35.5959663       28.9235992    
          0.319999993       44.1981392       33.6118126       31.9451351       25.7061214    
          0.330000013       37.8785057       28.4491673       28.3911381       22.6159306    
          0.340000004       32.8051910       24.3562927       25.3582687       19.9920216    
          0.349999994       30.8947697       22.8086643       23.9033298       18.7636929    
          0.360000014       26.8906116       19.6287613       21.3650303       16.5848694    
          0.370000005       23.3240814       16.8387432       19.0353851       14.5956602    
          0.379999995       20.2467728       14.4693108       16.9468269       12.8237877    
          0.389999986       17.5975742       12.4398775       15.0633707       11.2224464    
          0.400000006       16.5727749       11.6534090       14.1955690       10.5252047    
          0.409999996       14.2471342       9.95294476       12.5160637       9.13024998    
          0.419999987       12.5839052       8.73268414       11.2144356       8.05987072    
          0.430000007       10.9840555       7.58922052       9.95003510       7.02375364    
          0.439999998       10.3443956       7.10961914       9.37550068       6.57977676    
          0.449999988       9.03129482       6.19053650       8.29794502       5.70741320    
          0.460000008       7.90130377       5.41995859       7.34640360       4.94305849    
          0.469999999       7.44117165       5.06615782       6.92164421       4.60611391    
          0.479999989       6.52319860       4.45234251       6.12086296       3.97086978    
          0.490000010       5.72273779       3.93498349       5.40387535       3.41383457    
          0.500000000       5.38947058       3.69356155       5.09108448       3.19393086    
          0.509999990       4.74982214       3.29771209       4.50312662       2.74083209    
          0.519999981       4.17329741       2.94049907       3.95950317       2.33470631    
          0.529999971       3.93026280       2.75604272       3.73010659       2.19198537    
          0.540000021       3.47020984       2.48244023       3.28644395       1.86717927    
          0.550000012       3.07300067       2.25067973       2.89583588       1.58624744    
          0.560000002       2.89404225       2.11769319       2.72793484       1.47926807    
          0.569999993       2.56675553       1.93441522       2.40001082       1.24253654    
          0.579999983       2.27419162       1.77207148       2.10309672       1.03693521    
          0.589999974       2.14175200       1.67063236       1.98107946      0.964686155    
          0.600000024       1.90061033       1.54376876       1.73289120      0.800037384    
          0.610000014       1.69666004       1.43712080       1.52020454      0.660371721    
          0.620000005       1.59785414       1.35851276       1.43195677      0.613111556    
          0.629999995       1.42296660       1.26911592       1.24809539      0.495932698    
          0.639999986       1.34009945       1.20110130       1.17561972      0.459190100    
          0.649999976       1.19704473       1.12877882       1.02518594      0.367755294    
          0.660000026       1.07233810       1.06456125      0.894832611      0.291637182    
          0.670000017       1.00988996       1.00886595      0.842847824      0.267642766    
          0.680000007      0.905217171      0.947850764      0.732542992      0.196621016    
          0.689999998      0.852501452      0.900661409      0.689975321      0.180323318    
          0.699999988      0.765491664      0.858353138      0.598600864      0.132342055    
          0.709999979      0.720912457      0.816764355      0.563807905      0.120664038    
          0.720000029      0.648454428      0.781513214      0.488254428       8.35339651E-02
          0.730000019      0.584255755      0.749588251      0.422059298       5.29326983E-02
          0.740000010      0.550231278      0.714913547      0.397519797       4.71069813E-02
          0.750000000      0.496412843      0.688118458      0.342489123       2.36900654E-02
          0.759999990      0.467504114      0.657096863      0.322572351       2.01797094E-02
          0.769999981      0.422461718      0.633370221      0.277471989       2.52886605E-03
          0.779999971      0.397859424      0.605518162      0.261333108       7.73787498E-04
          0.790000021      0.360003322      0.584919810      0.224167630      -1.20866299E-02
          0.800000012      0.339038372      0.559807599      0.211127028      -1.25371618E-02
          0.810000002      0.307248205      0.541164637      0.181255266      -2.08073463E-02
          0.819999993      0.289355487      0.518305242      0.170709416      -2.05105152E-02
          0.829999983      0.262431175      0.506160796      0.145673200      -2.24805679E-02
          0.839999974      0.247148395      0.485377878      0.137196407      -2.15367079E-02
          0.850000024      0.225342467      0.471424192      0.117192768      -2.55813207E-02
          0.860000014      0.212219596      0.452448159      0.110372365      -2.41847839E-02
          0.870000005      0.192846656      0.438995034       9.35102403E-02  -2.64137983E-02
          0.879999995      0.181616113      0.421669871       8.80673602E-02  -2.47288551E-02
          0.889999986      0.165163383      0.409364074       7.42984265E-02  -2.56053414E-02
          0.899999976      0.155544981      0.393014520       6.99733049E-02  -2.42582951E-02
          0.910000026      0.141547829      0.381786674       5.87249398E-02  -2.41319146E-02
          0.920000017      0.133304611      0.367261201       5.53059727E-02  -2.22145524E-02
          0.930000007      0.121929705      0.357256979       4.64413613E-02  -2.14981642E-02
          0.939999998      0.114828952      0.340884000       4.37372774E-02  -1.52953863E-02
          0.949999988      0.104605228      0.331258684       3.62850390E-02  -1.40457945E-02
          0.959999979       9.85134467E-02  0.319070041       3.41721326E-02  -1.23975473E-02
          0.970000029       8.97767320E-02  0.310144514       2.81122774E-02  -1.08261900E-02
          0.980000019       8.45485255E-02  0.298906058       2.64751222E-02  -9.27416515E-03
          0.990000010       7.74162486E-02  0.289501935       2.18308438E-02  -5.37959719E-03
           1.00000000       7.29078725E-02  0.279146582       2.05593985E-02  -4.00795555E-03
           1.00999999       6.64545074E-02  0.271162301       1.66602340E-02  -2.16541695E-03
           1.01999998       6.25845119E-02  0.261597902       1.56898666E-02  -9.28978145E-04
           1.02999997       5.73302805E-02  0.254400283       1.26355393E-02   7.65025616E-04
           1.03999996       5.39916269E-02  0.245647267       1.18995234E-02   1.84092915E-03
           1.04999995       4.92119826E-02  0.238480374       9.38346237E-03   3.69921327E-03
           1.05999994       4.63461019E-02  0.230278969       8.83683283E-03   4.65424871E-03
           1.07000005       4.36471254E-02  0.222401813       8.32203310E-03   5.54327155E-03
           1.08000004       3.99834365E-02  0.216278479       6.47441298E-03   7.07615400E-03
           1.09000003       3.76549661E-02  0.208962977       6.09719986E-03   7.83416629E-03
           1.10000002       3.45448889E-02  0.201957867       4.47940314E-03   7.56708765E-03
           1.11000001       3.25331688E-02  0.195183694       4.21843072E-03   8.24749470E-03
           1.12000000       2.98014972E-02  0.189749599       3.05447355E-03   9.63413715E-03
           1.13000000       2.80660018E-02  0.183450162       2.87650269E-03   1.01921754E-02
           1.13999999       2.55648792E-02  0.178141356       1.93962827E-03   1.15916133E-02
           1.14999998       2.40760911E-02  0.172289386       1.82659796E-03   1.20302634E-02
           1.15999997       2.26740148E-02  0.166655600       1.72016397E-03   1.24263167E-02
           1.16999996       2.07580272E-02  0.161986560       1.04684138E-03   1.35104656E-02
           1.17999995       1.95491780E-02  0.156735733       9.85840918E-04   1.38066011E-02
           1.19000006       1.79025270E-02  0.152411059       4.39257681E-04   1.47712724E-02
           1.20000005       1.68599579E-02  0.147516653       4.13654983E-04   1.49766505E-02
           1.21000004       1.49410367E-02  0.139169469       1.01216941E-03   1.58946067E-02
           1.22000003       1.40709383E-02  0.134790540       9.53176990E-04   1.59991328E-02
           1.23000002       1.32515095E-02  0.130566522       8.97623599E-04   1.60790235E-02
           1.24000001       1.25043718E-02  0.130520776      -2.67288327E-04   1.67472120E-02
           1.25000000       1.17761781E-02  0.126416579      -2.51710415E-04   1.67738590E-02
           1.25999999       1.08292438E-02  0.122933082      -4.71232459E-04   1.72881726E-02
           1.26999998       1.01985997E-02  0.119095802      -4.43765282E-04   1.72567070E-02
           1.27999997       9.60467849E-03  0.115391999      -4.17900592E-04   1.72076765E-02
           1.28999996       8.76824092E-03  0.112057365      -5.59362874E-04   1.76770594E-02
           1.29999995       8.25761631E-03  0.108599424      -5.26757911E-04   1.75767243E-02
           1.30999994       7.55619397E-03  0.105645031      -6.63913146E-04   1.79706812E-02
           1.32000005       7.11615430E-03  0.102406621      -6.25213317E-04   1.78260654E-02
           1.33000004       6.70174276E-03   9.92781296E-02  -5.88766590E-04   1.76709536E-02
           1.34000003       6.15279516E-03   9.65034664E-02  -6.59558631E-04   1.78969502E-02
           1.35000002       5.79448650E-03   9.35745314E-02  -6.21109910E-04   1.77086089E-02
           1.36000001       5.29156066E-03   9.09605324E-02  -6.78751327E-04   1.79361161E-02
           1.37000000       4.98340419E-03   8.82175863E-02  -6.39180013E-04   1.77173316E-02
           1.38000000       4.69319429E-03   8.55656043E-02  -6.01917796E-04   1.74931828E-02
           1.38999999       4.29854868E-03   8.31149369E-02  -6.21491752E-04   1.75855458E-02
           1.39999998       4.04821848E-03   8.06322098E-02  -5.85258647E-04   1.73399448E-02
           1.40999997       3.70774209E-03   7.83414766E-02  -5.97206119E-04   1.73898656E-02
           1.41999996       3.49182077E-03   7.60154650E-02  -5.62387810E-04   1.71268079E-02
           1.42999995       3.28847580E-03   7.37649426E-02  -5.29599085E-04   1.68621298E-02
           1.44000006       2.97750602E-03   7.15148374E-02  -5.14590822E-04   1.68897565E-02
           1.45000005       2.80410796E-03   6.94099590E-02  -4.84586839E-04   1.66108757E-02
           1.46000004       2.64080870E-03   6.73749074E-02  -4.56332375E-04   1.63322445E-02
           1.47000003       2.41809455E-03   6.55020848E-02  -4.58689727E-04   1.62909571E-02
           1.48000002       2.27727671E-03   6.35916963E-02  -4.31944762E-04   1.60039235E-02
           1.49000001       2.07871501E-03   6.17684014E-02  -4.22913727E-04   1.59309115E-02
           1.50000000       1.95765914E-03   5.99769354E-02  -3.98254022E-04   1.56381950E-02
           1.50999999       1.84365467E-03   5.82419075E-02  -3.75031814E-04   1.53477089E-02
           1.51999998       1.68259256E-03   5.65886758E-02  -3.65712680E-04   1.52480109E-02
           1.52999997       1.58460531E-03   5.49601428E-02  -3.44387401E-04   1.49547160E-02
           1.53999996       1.49232429E-03   5.32259941E-02  -3.24305292E-04   1.49771096E-02
           1.54999995       1.36172271E-03   5.14900424E-02  -3.15086916E-04   1.46101760E-02
           1.55999994       1.28242292E-03   5.00181317E-02  -2.96713086E-04   1.43179223E-02
           1.57000005       1.17691827E-03   4.86222953E-02  -2.86816852E-04   1.41587257E-02
           1.58000004       1.10837969E-03   4.72388268E-02  -2.70090386E-04   1.38686867E-02
           1.59000003       1.04383298E-03   4.58977036E-02  -2.54339917E-04   1.35827260E-02
           1.60000002       9.48766072E-04   4.45833914E-02  -2.41808244E-04   1.34316050E-02
           1.61000001       8.93513614E-04   4.33239788E-02  -2.27706783E-04   1.31485267E-02
           1.62000000       8.41479108E-04   4.21027951E-02  -2.14427171E-04   1.28699290E-02
           1.63000000       7.64538709E-04   4.06783074E-02  -2.03512376E-04   1.25719495E-02
           1.63999999       7.20015785E-04   3.95367853E-02  -1.91643878E-04   1.23010278E-02
           1.64999998       6.78085082E-04   3.84296291E-02  -1.80467105E-04   1.20347254E-02
           1.65999997       6.22022955E-04   3.73805724E-02  -1.73364300E-04   1.18620852E-02
           1.66999996       5.85799513E-04   3.63378823E-02  -1.63253586E-04   1.16012357E-02
           1.67999995       5.51685516E-04   3.53263095E-02  -1.53732486E-04   1.13451043E-02
           1.69000006       4.96911991E-04   3.42851095E-02  -1.41287790E-04   1.11746611E-02
           1.70000005       4.67974023E-04   3.28748859E-02  -1.33047448E-04   1.08572589E-02
           1.71000004       4.25526290E-04   3.19377258E-02  -1.23896345E-04   1.06766047E-02
           1.72000003       4.00745572E-04   3.10567319E-02  -1.16670468E-04   1.04340827E-02
           1.73000002       3.77408374E-04   3.02016679E-02  -1.09865658E-04   1.01963812E-02
           1.74000001       3.44470347E-04   2.93696374E-02  -1.03699451E-04   1.00231506E-02
           1.75000000       3.24409833E-04   2.85641775E-02  -9.76511146E-05   9.79237165E-03
           1.75999999       3.05517839E-04   2.77821328E-02  -9.19555532E-05   9.56630800E-03
           1.76999998       2.77550280E-04   2.70028058E-02  -8.55081671E-05   9.39432625E-03
           1.77999997       2.61386973E-04   2.62665842E-02  -8.05207310E-05   9.17545613E-03
           1.78999996       2.46164855E-04   2.55516339E-02  -7.58240712E-05   8.96119326E-03
           1.79999995       2.23093186E-04   2.48568747E-02  -7.14234266E-05   8.80710501E-03
           1.80999994       2.10101323E-04   2.41827201E-02  -6.72574897E-05   8.59954674E-03
           1.82000005       1.97865869E-04   2.35278886E-02  -6.33344243E-05   8.39647558E-03
           1.83000004       1.70576081E-04   2.27171909E-02  -5.01642535E-05   8.20725691E-03
           1.84000003       1.60642550E-04   2.21069176E-02  -4.72382526E-05   8.01245496E-03
           1.85000002       1.51287546E-04   2.15139706E-02  -4.44828293E-05   7.82196503E-03
           1.86000001       1.45165061E-04   2.10788399E-02  -4.90029342E-05   7.69731356E-03
           1.87000000       1.36711271E-04   2.05130056E-02  -4.61445125E-05   7.51272216E-03
           1.88000000       1.28749874E-04   1.99631732E-02  -4.34528483E-05   7.33228354E-03
           1.88999999       1.16733492E-04   1.94184259E-02  -4.02734477E-05   7.18551502E-03
           1.89999998       1.09935434E-04   1.88997407E-02  -3.79241646E-05   7.01194024E-03
           1.90999997       1.03533210E-04   1.83957033E-02  -3.57119243E-05   6.84236689E-03
           1.91999996       9.75039802E-05   1.79057587E-02  -3.36287594E-05   6.67667249E-03
           1.92999995       8.98761573E-05   1.74397603E-02  -3.19700448E-05   6.53798692E-03
           1.94000006       8.46420517E-05   1.69765204E-02  -3.01050459E-05   6.37891656E-03
           1.95000005       7.97128450E-05   1.65262166E-02  -2.83488826E-05   6.22354960E-03
           1.96000004       7.22217956E-05   1.60812233E-02  -2.62310496E-05   6.09374372E-03
           1.97000003       6.80159646E-05   1.56560466E-02  -2.47008484E-05   5.94465481E-03
           1.98000002       6.40550352E-05   1.52426669E-02  -2.32599268E-05   5.79907885E-03
           1.99000001       5.80030610E-05   1.48345502E-02  -2.15040545E-05   5.67623368E-03
           2.00000000       5.46251977E-05   1.44440783E-02  -2.02495721E-05   5.53666940E-03
