          0.100000001       1360.68311       1271.43005       280.284088       255.028488    
          0.109999999       1172.48865       1091.16223       261.003448       237.245041    
          0.119999997       929.538391       859.051208       236.556564       214.978683    
          0.129999995       801.171814       737.234192       218.565109       198.475098    
          0.140000001       687.738098       629.833801       200.616638       181.924194    
          0.150000006       542.440613       492.317261       178.343216       161.336166    
          0.159999996       466.427887       420.910553       162.940781       147.077682    
          0.170000002       402.537842       361.114014       149.005646       134.171585    
          0.180000007       346.018555       308.442322       135.496338       121.679436    
          0.189999998       298.721832       264.690887       123.391182       110.530617    
          0.200000003       257.006683       226.245239       112.105408       100.133995    
          0.209999993       222.124756       194.247421       101.732979       90.5752563    
          0.219999999       191.346603       166.146591       92.1172180       81.7566071    
          0.230000004       165.766068       142.918747       83.4855270       73.8223038    
          0.239999995       141.767578       121.234650       75.1273956       66.1505203    
          0.250000000       123.209106       104.569603       68.0308533       59.6378899    
          0.259999990       105.616249       88.8868942       61.0509453       53.2475739    
          0.270000011       91.1989822       76.1151123       54.9602547       47.6973572    
          0.280000001       78.4648819       64.9491196       49.2843628       42.5758781    
          0.289999992       68.0827713       55.8862762       44.3642998       38.1166382    
          0.300000012       58.8807182       47.9031715       39.7853394       33.9702034    
          0.310000002       50.7805367       40.9508629       35.5959663       30.2040157    
          0.319999993       44.1981392       35.3158836       31.9451351       26.9035034    
          0.330000013       37.8785057       29.9849148       28.3911381       23.7261562    
          0.340000004       32.8051910       25.7419605       25.3582687       21.0207691    
          0.349999994       30.8947697       24.1540737       23.9033298       19.7607327    
          0.360000014       26.8906116       20.8473816       21.3650303       17.5144482    
          0.370000005       23.3240814       17.9286480       19.0353851       15.4709787    
          0.379999995       20.2467728       15.4440193       16.9468269       13.6378555    
          0.389999986       17.5975742       13.3140411       15.0633707       11.9818983    
          0.400000006       16.5727749       12.4986753       14.1955690       11.2604475    
          0.409999996       14.2471342       10.6840162       12.5160637       9.80422878    
          0.419999987       12.5839052       9.38690662       11.2144356       8.68951130    
          0.430000007       10.9840555       8.16062069       9.95003510       7.60771322    
          0.439999998       10.3443956       7.65991402       9.37550068       7.14468002    
          0.449999988       9.03129482       6.66708755       8.29794502       6.23098040    
          0.460000008       7.90130377       5.82731628       7.34640360       5.42793226    
          0.469999999       7.44117165       5.45494127       6.92164421       5.08134031    
          0.479999989       6.52319860       4.78264046       6.12086296       4.41334963    
          0.490000010       5.72273779       4.19785881       5.40387535       3.81250358    
          0.500000000       5.38947058       3.94229221       5.09108448       3.57707238    
          0.509999990       4.74982214       3.49569392       4.50312662       3.09524608    
          0.519999981       4.17329741       3.09067845       3.95950317       2.65827632    
          0.529999971       3.93026280       2.90303993       3.73010659       2.49162722    
          0.540000021       3.47020984       2.58875680       3.28644395       2.14120317    
          0.550000012       3.07300067       2.32045054       2.89583588       1.83658946    
          0.560000002       2.89404225       2.18086982       2.72793484       1.71996772    
          0.569999993       2.56675553       1.96360111       2.40001082       1.46762884    
          0.579999983       2.27419162       1.77068102       2.10309672       1.24284947    
          0.589999974       2.14175200       1.66548121       1.98107946       1.16265571    
          0.600000024       1.90061033       1.51291335       1.73289120      0.973372400    
          0.610000014       1.69666004       1.38261223       1.52020454      0.816802680    
          0.620000005       1.59785414       1.30160272       1.43195677      0.763204813    
          0.629999995       1.42296660       1.19167852       1.24809539      0.631022990    
          0.639999986       1.34009945       1.12237704       1.17561972      0.589162886    
          0.649999976       1.19704473       1.03257883       1.02518594      0.484032273    
          0.660000026       1.07233810      0.953397334      0.894832611      0.395365566    
          0.670000017       1.00988996      0.898603439      0.842847824      0.367834121    
          0.680000007      0.905217171      0.833562613      0.732542992      0.294684857    
          0.689999998      0.852501452      0.786699116      0.689975321      0.273744792    
          0.699999988      0.765491664      0.732751608      0.598600864      0.215163663    
          0.709999979      0.720912457      0.691801846      0.563807905      0.199148759    
          0.720000029      0.648454428      0.644937098      0.488254428      0.151800320    
          0.730000019      0.584255755      0.604262829      0.422059298      0.112094164    
          0.740000010      0.550231278      0.571367979      0.397519797      0.103009224    
          0.750000000      0.496412843      0.536395371      0.342489123       7.06146136E-02
          0.759999990      0.467504114      0.507533371      0.322572351       6.42980710E-02
          0.769999981      0.422461718      0.478445679      0.277471989       3.99422646E-02
          0.779999971      0.397859424      0.456772804      0.261333108       4.03985195E-02
          0.790000021      0.360003322      0.431602716      0.224167630       2.12213788E-02
          0.800000012      0.339038372      0.406309992      0.211127028       2.37175617E-02
          0.810000002      0.307248205      0.383578300      0.181255266       8.94113351E-03
          0.819999993      0.289355487      0.363659233      0.170709416       7.16372347E-03
          0.829999983      0.262431175      0.344817966      0.145673200      -3.96768237E-03
          0.839999974      0.247148395      0.327123642      0.137196407      -4.78466367E-03
          0.850000024      0.225342467      0.311554343      0.117192768      -1.29449964E-02
          0.860000014      0.212219596      0.294398785      0.110372365      -1.44102573E-02
          0.870000005      0.192846656      0.279994518       9.35102403E-02  -2.04059687E-02
          0.879999995      0.181616113      0.265504360       8.80673602E-02  -2.03895569E-02
          0.889999986      0.165163383      0.251680523       7.42984265E-02  -2.57076416E-02
          0.899999976      0.155544981      0.239177406       6.99733049E-02  -2.48357654E-02
          0.910000026      0.141547829      0.228005245       5.87249398E-02  -2.75959969E-02
          0.920000017      0.133304611      0.216805279       5.53059727E-02  -2.64928341E-02
          0.930000007      0.121929705      0.207303837       4.64413613E-02  -2.81760097E-02
          0.939999998      0.114828952      0.197227165       4.37372774E-02  -2.69379709E-02
          0.949999988      0.104605228      0.188276902       3.62850390E-02  -2.78237853E-02
          0.959999979       9.85134467E-02  0.179223478       3.41721326E-02  -2.65164077E-02
          0.970000029       8.97767320E-02  0.171222016       2.81122774E-02  -2.68030372E-02
          0.980000019       8.45485255E-02  0.163075462       2.64751222E-02  -2.54781749E-02
          0.990000010       7.74162486E-02  0.156039000       2.18308438E-02  -2.52894461E-02
           1.00000000       7.29078725E-02  0.148687258       2.05593985E-02  -2.39898954E-02
           1.00999999       6.64545074E-02  0.142053545       1.66602340E-02  -2.34554410E-02
           1.01999998       6.25845119E-02  0.135428444       1.56898666E-02  -2.22069919E-02
           1.02999997       5.73302805E-02  0.129712090       1.26355393E-02  -2.15341449E-02
           1.03999996       5.39916269E-02  0.123739995       1.18995234E-02  -2.03587320E-02
           1.04999995       4.92119826E-02  0.118257500       9.38346237E-03  -1.94570329E-02
           1.05999994       4.63461019E-02  0.112846591       8.83683283E-03  -1.83564518E-02
           1.07000005       4.36471254E-02  0.107699193       8.32203310E-03  -1.73114836E-02
           1.08000004       3.99834365E-02  0.103217661       6.47441298E-03  -1.64450854E-02
           1.09000003       3.76549661E-02   9.85513628E-02   6.09719986E-03  -1.54815959E-02
           1.10000002       3.45448889E-02   9.46866348E-02   4.47940314E-03  -1.45590557E-02
           1.11000001       3.25331688E-02   9.04201865E-02   4.21843072E-03  -1.36343939E-02
           1.12000000       2.98014972E-02   8.66428614E-02   3.05447355E-03  -1.27602071E-02
           1.13000000       2.80660018E-02   8.26898515E-02   2.87650269E-03  -1.19110048E-02
           1.13999999       2.55648792E-02   7.90377781E-02   1.93962827E-03  -1.08976709E-02
           1.14999998       2.40760911E-02   7.54766613E-02   1.82659796E-03  -1.02661895E-02
           1.15999997       2.26740148E-02   7.21589103E-02   1.72016397E-03  -9.59436130E-03
           1.16999996       2.07580272E-02   6.91246539E-02   1.04684138E-03  -8.83781910E-03
           1.17999995       1.95491780E-02   6.61102161E-02   9.85840918E-04  -8.23859870E-03
           1.19000006       1.79025270E-02   6.34413436E-02   4.39257681E-04  -7.47459149E-03
           1.20000005       1.68599579E-02   6.06964342E-02   4.13654983E-04  -6.94517279E-03
           1.21000004       1.49410367E-02   5.56597710E-02   1.01216941E-03  -5.69781661E-03
           1.22000003       1.40709383E-02   5.32850809E-02   9.53176990E-04  -5.27061522E-03
           1.23000002       1.32515095E-02   5.10184281E-02   8.97623599E-04  -4.86858189E-03
           1.24000001       1.25043718E-02   5.10941781E-02  -2.67288327E-04  -4.67211986E-03
           1.25000000       1.17761781E-02   4.89237010E-02  -2.51710415E-04  -4.29469347E-03
           1.25999999       1.08292438E-02   4.70038839E-02  -4.71232459E-04  -3.75725818E-03
           1.26999998       1.01985997E-02   4.50208895E-02  -4.43765282E-04  -3.43050319E-03
           1.27999997       9.60467849E-03   4.31267768E-02  -4.17900592E-04  -3.12431157E-03
           1.28999996       8.76824092E-03   4.13313098E-02  -5.59362874E-04  -2.61095655E-03
           1.29999995       8.25761631E-03   3.96052822E-02  -5.26757911E-04  -2.35094130E-03
           1.30999994       7.55619397E-03   3.80697250E-02  -6.63913146E-04  -1.90245861E-03
           1.32000005       7.11615430E-03   3.64905559E-02  -6.25213317E-04  -1.68294960E-03
           1.33000004       6.70174276E-03   3.49809192E-02  -5.88766590E-04  -1.47830695E-03
           1.34000003       6.15279516E-03   3.36018018E-02  -6.59558631E-04  -1.12122798E-03
           1.35000002       5.79448650E-03   3.22206058E-02  -6.21109910E-04  -9.50204849E-04
           1.36000001       5.29156066E-03   3.09432298E-02  -6.78751327E-04  -6.03472174E-04
           1.37000000       4.98340419E-03   2.96796840E-02  -6.39180013E-04  -4.63633478E-04
           1.38000000       4.69319429E-03   2.84707844E-02  -6.01917796E-04  -3.34310025E-04
           1.38999999       4.29854868E-03   2.73211002E-02  -6.21491752E-04  -6.63523897E-05
           1.39999998       4.04821848E-03   2.62153503E-02  -5.85258647E-04   3.76862772E-05
           1.40999997       3.70774209E-03   2.51690373E-02  -5.97206119E-04   2.72045523E-04
           1.41999996       3.49182077E-03   2.41566394E-02  -5.62387810E-04   3.53897602E-04
           1.42999995       3.28847580E-03   2.31873095E-02  -5.29599085E-04   4.28568572E-04
           1.44000006       2.97750602E-03   2.21704040E-02  -5.14590822E-04   6.47105277E-04
           1.45000005       2.80410796E-03   2.12871134E-02  -4.84586839E-04   7.02040910E-04
           1.46000004       2.64080870E-03   2.04409957E-02  -4.56332375E-04   7.51405954E-04
           1.47000003       2.41809455E-03   1.96495522E-02  -4.58689727E-04   9.05846537E-04
           1.48000002       2.27727671E-03   1.88729055E-02  -4.31944762E-04   9.40434635E-04
           1.49000001       2.07871501E-03   1.81132946E-02  -4.22913727E-04   1.07424834E-03
           1.50000000       1.95765914E-03   1.74015667E-02  -3.98254022E-04   1.09593070E-03
           1.50999999       1.84365467E-03   1.67193785E-02  -3.75031814E-04   1.11408404E-03
           1.51999998       1.68259256E-03   1.60556007E-02  -3.65712680E-04   1.22031325E-03
           1.52999997       1.58460531E-03   1.54296840E-02  -3.44387401E-04   1.22809538E-03
           1.53999996       1.49232429E-03   1.48294894E-02  -3.24305292E-04   1.23325549E-03
           1.54999995       1.36172271E-03   1.42483851E-02  -3.15086916E-04   1.31651259E-03
           1.55999994       1.28242292E-03   1.36971464E-02  -2.96713086E-04   1.31343619E-03
           1.57000005       1.17691827E-03   1.31698670E-02  -2.86816852E-04   1.37028657E-03
           1.58000004       1.10837969E-03   1.26628848E-02  -2.70090386E-04   1.36084540E-03
           1.59000003       1.04383298E-03   1.21764215E-02  -2.54339917E-04   1.34994590E-03
           1.60000002       9.48766072E-04   1.16879633E-02  -2.41808244E-04   1.40255562E-03
           1.61000001       8.93513614E-04   1.12414015E-02  -2.27706783E-04   1.38620345E-03
           1.62000000       8.41479108E-04   1.08127743E-02  -2.14427171E-04   1.36891566E-03
           1.63000000       7.64538709E-04   1.03383400E-02  -2.03512376E-04   1.38280541E-03
           1.63999999       7.20015785E-04   9.94600449E-03  -1.91643878E-04   1.36214180E-03
           1.64999998       6.78085082E-04   9.56930686E-03  -1.80467105E-04   1.34093745E-03
           1.65999997       6.22022955E-04   9.21211671E-03  -1.73364300E-04   1.36103667E-03
           1.66999996       5.85799513E-04   8.86472035E-03  -1.63253586E-04   1.33708993E-03
           1.67999995       5.51685516E-04   8.53107404E-03  -1.53732486E-04   1.31290592E-03
           1.69000006       4.96911991E-04   8.17329064E-03  -1.41287790E-04   1.33045728E-03
           1.70000005       4.67974023E-04   7.76554272E-03  -1.33047448E-04   1.29849033E-03
           1.71000004       4.25526290E-04   7.45602464E-03  -1.23896345E-04   1.30390807E-03
           1.72000003       4.00745572E-04   7.17821345E-03  -1.16670468E-04   1.27599761E-03
           1.73000002       3.77408374E-04   6.91125030E-03  -1.09865658E-04   1.24827249E-03
           1.74000001       3.44470347E-04   6.64916495E-03  -1.03699451E-04   1.24917866E-03
           1.75000000       3.24409833E-04   6.40295586E-03  -9.76511146E-05   1.22060778E-03
           1.75999999       3.05517839E-04   6.16625929E-03  -9.19555532E-05   1.19235739E-03
           1.76999998       2.77550280E-04   5.92551008E-03  -8.55081671E-05   1.18858798E-03
           1.77999997       2.61386973E-04   5.70748374E-03  -8.05207310E-05   1.15993340E-03
           1.78999996       2.46164855E-04   5.49783325E-03  -7.58240712E-05   1.13170908E-03
           1.79999995       2.23093186E-04   5.29245893E-03  -7.14234266E-05   1.12987438E-03
           1.80999994       2.10101323E-04   5.09885838E-03  -6.72574897E-05   1.10136217E-03
           1.82000005       1.97865869E-04   4.91263671E-03  -6.33344243E-05   1.07336184E-03
           1.83000004       1.70576081E-04   4.65080654E-03  -5.01642535E-05   1.05736218E-03
           1.84000003       1.60642550E-04   4.48249746E-03  -4.72382526E-05   1.02977082E-03
           1.85000002       1.51287546E-04   4.32053581E-03  -4.44828293E-05   1.00274093E-03
           1.86000001       1.45165061E-04   4.22667153E-03  -4.90029342E-05   9.98874195E-04
           1.87000000       1.36711271E-04   4.07378795E-03  -4.61445125E-05   9.72016423E-04
           1.88000000       1.28749874E-04   3.92665761E-03  -4.34528483E-05   9.45749984E-04
           1.88999999       1.16733492E-04   3.77884670E-03  -4.02734477E-05   9.33869451E-04
           1.89999998       1.09935434E-04   3.64290853E-03  -3.79241646E-05   9.08137590E-04
           1.90999997       1.03533210E-04   3.51207028E-03  -3.57119243E-05   8.83015804E-04
           1.91999996       9.75039802E-05   3.38610471E-03  -3.36287594E-05   8.58487852E-04
           1.92999995       8.98761573E-05   3.26839462E-03  -3.19700448E-05   8.44553288E-04
           1.94000006       8.46420517E-05   3.15151294E-03  -3.01050459E-05   8.20747577E-04
           1.95000005       7.97128450E-05   3.03897262E-03  -2.83488826E-05   7.97533605E-04
           1.96000004       7.22217956E-05   2.92655826E-03  -2.62310496E-05   7.84858596E-04
           1.97000003       6.80159646E-05   2.82243756E-03  -2.47008484E-05   7.62343581E-04
           1.98000002       6.40550352E-05   2.72216112E-03  -2.32599268E-05   7.40412157E-04
           1.99000001       5.80030610E-05   2.62222136E-03  -2.15040545E-05   7.27704901E-04
           2.00000000       5.46251977E-05   2.52938992E-03  -2.02495721E-05   7.06509862E-04
