          0.100000001       1749.66345       1631.32434       360.409271       319.027832    
          0.109999999       1547.69202       1437.53357       344.526215       305.061768    
          0.119999997       1259.56836       1162.03625       320.545288       284.316986    
          0.129999995       1114.44495       1024.09631       304.028107       269.779633    
          0.140000001       982.052246       898.469727       286.469513       254.129105    
          0.150000006       795.137207       721.217590       261.424652       231.714798    
          0.159999996       701.864075       633.282410       245.187546       217.050156    
          0.170000002       621.804199       558.025208       230.170547       203.454285    
          0.180000007       548.687256       489.589691       214.858765       189.593643    
          0.189999998       486.262939       431.583649       200.857590       177.005356    
          0.200000003       429.464203       378.959961       187.330750       164.788437    
          0.209999993       381.028961       334.262787       174.511002       153.172195    
          0.219999999       336.946045       293.766449       162.211029       142.046555    
          0.230000004       299.649597       259.656830       150.913925       131.811813    
          0.239999995       263.071320       226.326828       139.410294       121.378868    
          0.250000000       234.702560       200.615646       129.592819       112.463112    
          0.259999990       206.530579       175.246933       119.383972       103.247375    
          0.270000011       183.072098       154.239456       110.326775       95.0633316    
          0.280000001       161.691040       135.034348       101.559319       87.0986252    
          0.289999992       144.021225       119.439575       93.8475266       80.1679306    
          0.300000012       127.861778       105.289513       86.3954239       73.3780136    
          0.310000002       113.199219       92.5091629       79.3499832       67.0676041    
          0.319999993       101.141357       82.0605087       73.1020279       61.4711456    
          0.330000013       88.9807434       71.6210098       66.6938858       55.7533264    
          0.340000004       79.1086960       63.2245293       61.1506767       50.8243408    
          0.349999994       76.4795227       61.0199699       59.1723289       49.1282501    
          0.360000014       68.3344193       54.1554070       54.2928123       44.8052101    
          0.370000005       60.8445854       47.9007759       49.6568413       40.7065163    
          0.379999995       54.2190208       42.4194069       45.3820610       36.9341888    
          0.389999986       48.3756905       37.6557274       41.4091797       33.4780769    
          0.400000006       46.7679138       36.3483925       40.0595055       32.3440742    
          0.409999996       41.2723083       31.9290981       36.2575951       29.0159397    
          0.419999987       37.4218597       28.8345776       33.3493462       26.4874935    
          0.430000007       33.5313530       25.7576656       30.3747654       23.9057159    
          0.439999998       32.4169388       24.8638515       29.3806458       23.0901928    
          0.449999988       29.0532970       22.2286625       26.6941433       20.7680244    
          0.460000008       26.0929260       19.9419861       24.2604465       18.6662064    
          0.469999999       25.2257252       19.2052269       23.4645176       17.9771748    
          0.479999989       22.7008152       17.2789154       21.3006840       16.1223278    
          0.490000010       20.4438725       15.5880861       19.3047714       14.4265528    
          0.500000000       19.7644176       15.0492582       18.6701679       13.9285479    
          0.509999990       17.8810806       13.6689110       16.9523754       12.4796906    
          0.519999981       16.1277676       12.3877106       15.3015547       11.0931320    
          0.529999971       15.5917549       11.9595823       14.7977142       10.7060499    
          0.540000021       14.1321383       10.9134827       13.3837671       9.53549194    
          0.550000012       12.8467512       10.0073023       12.1061106       8.47796535    
          0.560000002       12.4197817       9.66335583       11.7069311       8.17992592    
          0.569999993       11.3076439       8.88877964       10.5730629       7.24859285    
          0.579999983       10.2847338       8.18246651       9.51098156       6.38637543    
          0.589999974       9.94291592       7.90321732       9.19700527       6.15988350    
          0.600000024       9.05766392       7.30793619       8.25837135       5.41057396    
          0.610000014       8.30035210       6.80483389       7.43710136       4.75667763    
          0.620000005       8.02448750       6.57464838       7.19134378       4.58643675    
          0.629999995       7.33589935       6.12171984       6.43437576       3.98982882    
          0.639999986       7.09209061       5.91564703       6.22162867       3.84561801    
          0.649999976       6.50318527       5.53051996       5.56952858       3.33909130    
          0.660000026       5.98034286       5.18756008       4.99040937       2.89571667    
          0.670000017       5.78158426       5.01132250       4.82527399       2.78637624    
          0.680000007       5.31990480       4.71601295       4.30510998       2.39286065    
          0.689999998       5.14310074       4.55990982       4.16258812       2.30488229    
          0.699999988       4.74076700       4.29971266       3.70719528       1.97576511    
          0.709999979       4.58320618       4.15832710       3.58441234       1.90242290    
          0.720000029       4.23199081       3.93724942       3.18648171       1.61079931    
          0.730000019       3.91423416       3.73742390       2.82759547       1.35228360    
          0.740000010       3.78414273       3.61607623       2.73388982       1.30094957    
          0.750000000       3.50464320       3.44205976       2.41795158       1.07761419    
          0.759999990       3.38816619       3.33101082       2.33779502       1.03602254    
          0.769999981       3.14300513       3.17745686       2.06431937      0.847224712    
          0.779999971       3.03854680       3.07571530       1.99586308      0.813974679    
          0.790000021       2.82241893       2.94005299       1.75746977      0.653333843    
          0.800000012       2.72861481       2.84657288       1.69917142      0.627098382    
          0.810000002       2.53840733       2.72309756       1.49748516      0.495702267    
          0.819999993       2.45404291       2.63710904       1.44779778      0.475221306    
          0.829999983       2.28477955       2.52866578       1.26826060      0.360967964    
          0.839999974       2.20884538       2.44923329       1.22616875      0.345297962    
          0.850000024       2.06742191       2.36001134       1.07519400      0.251851708    
          0.860000014       1.99871123       2.28650689       1.03950119      0.240371391    
          0.870000005       1.86446857       2.19806457      0.904070199      0.160009548    
          0.879999995       1.80250263       2.13007998      0.874050438      0.151978254    
          0.889999986       1.68272781       2.04968262      0.756971836       8.54002610E-02
          0.899999976       1.62680149       1.98774862      0.731831372       8.12339783E-02
          0.910000026       1.51970828       1.90301323      0.630492032       1.46104498E-02
          0.920000017       1.46920013       1.84485614      0.609547913       1.19650364E-02
          0.930000007       1.37950552       1.78349102      0.525434911      -3.13991718E-02
          0.939999998       1.33365715       1.72839642      0.507977605      -3.31637077E-02
          0.949999988       1.24716651       1.66602671      0.432612091      -6.97221756E-02
          0.959999979       1.20571661       1.61577737      0.418236405      -6.90028667E-02
          0.970000029       1.12795544       1.55895364      0.353202820      -9.78815556E-02
          0.980000019       1.09046757       1.51224947      0.341463834      -9.59749222E-02
          0.990000010       1.02498448       1.46841621      0.289038450     -0.111467518    
           1.00000000      0.990918636       1.42472231      0.279430598     -0.108848333    
           1.00999999      0.927185774       1.37395799      0.232446715     -0.126205131    
           1.01999998      0.896370649       1.33334160      0.224719092     -0.122897148    
           1.02999997      0.842914104       1.29027069      0.185777381     -0.136013344    
           1.03999996      0.814899921       1.25250828      0.179600433     -0.132216141    
           1.04999995      0.762477696       1.20803308      0.145384952     -0.141456842    
           1.05999994      0.737136662       1.17276716      0.140550211     -0.137309149    
           1.07000005      0.712637961       1.13857412      0.135876060     -0.133271217    
           1.08000004      0.670149803       1.10212541      0.108515657     -0.139523506    
           1.09000003      0.647876978       1.07018435      0.104906082     -0.135278389    
           1.10000002      0.610144556       1.03929365       7.91169032E-02 -0.141012028    
           1.11000001      0.589866340       1.00935388       7.64853135E-02 -0.136592388    
           1.12000000      0.554681778      0.977122307       5.68515249E-02 -0.138464615    
           1.13000000      0.536246896      0.949139595       5.49602918E-02 -0.134021997    
           1.13999999      0.501425803      0.915840089       3.80435400E-02 -0.133698300    
           1.14999998      0.484760612      0.889779091       3.67776565E-02 -0.129312351    
           1.15999997      0.468649656      0.864494145       3.55540700E-02 -0.125059411    
           1.16999996      0.440437555      0.836811304       2.22115722E-02 -0.123933710    
           1.17999995      0.425799698      0.813135922       2.14725528E-02 -0.119746409    
           1.19000006      0.400285572      0.787817061       9.82143451E-03 -0.117979683    
           1.20000005      0.386981875      0.765690982       9.49450303E-03 -0.113946758    
           1.21000004      0.352041215      0.702518761       2.38487720E-02  -9.51151848E-02
           1.22000003      0.340340853      0.682821929       2.30549965E-02  -9.15962085E-02
           1.23000002      0.329029530      0.663817585       2.22876277E-02  -8.84177685E-02
           1.24000001      0.318720609      0.677017927      -6.81285048E-03  -9.95564461E-02
           1.25000000      0.308127791      0.658067167      -6.58609485E-03  -9.56402645E-02
           1.25999999      0.290872902      0.638831317      -1.26572847E-02  -9.24632922E-02
           1.26999998      0.281205773      0.621216714      -1.22358995E-02  -8.91031846E-02
           1.27999997      0.271859795      0.604111850      -1.18286209E-02  -8.58537331E-02
           1.28999996      0.254772812      0.583912432      -1.62530337E-02  -8.15938339E-02
           1.29999995      0.246305421      0.564028323      -1.57119632E-02  -8.21075067E-02
           1.30999994      0.231366679      0.547094643      -2.03286409E-02  -7.83861503E-02
           1.32000005      0.223677054      0.532188058      -1.96518898E-02  -7.54518509E-02
           1.33000004      0.216243222      0.517708957      -1.89975593E-02  -7.26157054E-02
           1.34000003      0.203800663      0.501946747      -2.18467321E-02  -6.90147504E-02
           1.35000002      0.197027251      0.488362074      -2.11193170E-02  -6.63676634E-02
           1.36000001      0.184703097      0.473151714      -2.36919615E-02  -6.21052571E-02
           1.37000000      0.178564444      0.460140228      -2.29030158E-02  -5.90977073E-02
           1.38000000      0.172629759      0.447775692      -2.21403446E-02  -5.67473955E-02
           1.38999999      0.162310794      0.433636099      -2.34671831E-02  -5.27534485E-02
           1.39999998      0.156916305      0.421867222      -2.26856861E-02  -5.07762618E-02
           1.40999997      0.147534102      0.406520694      -2.37633083E-02  -4.91825156E-02
           1.41999996      0.142630816      0.395711184      -2.29719076E-02  -4.71492596E-02
           1.42999995      0.137890443      0.385204405      -2.22068336E-02  -4.51875925E-02
           1.44000006      0.128165483      0.370561242      -2.21503433E-02  -4.05895524E-02
           1.45000005      0.123905815      0.360763878      -2.14125663E-02  -3.88143249E-02
           1.46000004      0.119787782      0.351261944      -2.06993669E-02  -3.71200442E-02
           1.47000003      0.112597145      0.340399593      -2.13586185E-02  -3.41782384E-02
           1.48000002      0.108854949      0.331260592      -2.06471737E-02  -3.21928672E-02
           1.49000001      0.102001362      0.320581764      -2.07521264E-02  -2.87702885E-02
           1.50000000       9.86113325E-02  0.312228143      -2.00608764E-02  -2.73902211E-02
           1.50999999       9.53339711E-02  0.304104567      -1.93925947E-02  -2.60615144E-02
           1.51999998       8.93151760E-02  0.294484198      -1.94127169E-02  -2.29268074E-02
           1.52999997       8.63467976E-02  0.284896374      -1.87660307E-02  -1.78029742E-02
           1.53999996       8.34770426E-02  0.277539223      -1.81408580E-02  -1.67690720E-02
           1.54999995       7.81935081E-02  0.268934458      -1.80930737E-02  -1.40415430E-02
           1.55999994       7.55947605E-02  0.262028754      -1.74902920E-02  -1.31302075E-02
           1.57000005       7.12172762E-02  0.254024774      -1.73557550E-02  -1.12166004E-02
           1.58000004       6.88503608E-02  0.247533083      -1.67774800E-02  -1.04047852E-02
           1.59000003       6.65621385E-02  0.241216853      -1.62185077E-02  -9.62670613E-03
           1.60000002       6.21059947E-02  0.233247444      -1.58287119E-02  -7.18533015E-03
           1.61000001       6.00418746E-02  0.227330849      -1.53013198E-02  -6.51512528E-03
           1.62000000       5.80463894E-02  0.221251205      -1.47914737E-02  -5.85349416E-03
           1.63000000       5.41389175E-02  0.213042274      -1.44112287E-02  -4.11498547E-03
           1.63999999       5.23396023E-02  0.207672015      -1.39310258E-02  -3.56231141E-03
           1.64999998       5.06001078E-02  0.202439949      -1.34668248E-02  -3.03515792E-03
           1.65999997       4.76488434E-02  0.196808338      -1.32802306E-02  -1.35807192E-03
           1.66999996       4.60652150E-02  0.191878974      -1.28376856E-02  -9.07172740E-04
           1.67999995       4.45342250E-02  0.187080383      -1.24098910E-02  -4.77939844E-04
           1.69000006       4.11775634E-02  0.180069372      -1.17080836E-02   1.42012036E-03
           1.70000005       3.98090221E-02  0.174043939      -1.13179088E-02   1.86185038E-03
           1.71000004       3.71590927E-02  0.168283284      -1.08192535E-02   3.32214427E-03
           1.72000003       3.59240845E-02  0.164122745      -1.04587069E-02   3.59668327E-03
           1.73000002       3.47301513E-02  0.160071343      -1.01101389E-02   3.85564566E-03
           1.74000001       3.25406231E-02  0.155252412      -9.79603734E-03   5.12453914E-03
           1.75000000       3.14591266E-02  0.151439726      -9.46955755E-03   5.32711530E-03
           1.75999999       3.04135736E-02  0.147725999      -9.15395841E-03   5.51653886E-03
           1.76999998       2.83629224E-02  0.142974064      -8.73809960E-03   6.66972017E-03
           1.77999997       2.74202731E-02  0.139487922      -8.44686385E-03   6.80800295E-03
           1.78999996       2.65089571E-02  0.136091843      -8.16532876E-03   6.93545723E-03
           1.79999995       2.46621724E-02  0.132062927      -7.89561216E-03   8.11670255E-03
           1.80999994       2.38425117E-02  0.128865346      -7.63244787E-03   8.19581747E-03
           1.82000005       2.30500996E-02  0.125749692      -7.37805152E-03   8.26614071E-03
           1.83000004       2.03985292E-02  0.117783181      -5.99894905E-03   9.28645302E-03
           1.84000003       1.97205711E-02  0.114968784      -5.79899689E-03   9.30782128E-03
           1.85000002       1.90651510E-02  0.112225734      -5.60569763E-03   9.32274759E-03
           1.86000001       1.87792499E-02  0.112804711      -6.33925572E-03   1.00084348E-02
           1.87000000       1.81551129E-02  0.110109963      -6.12794375E-03   9.99948382E-03
           1.88000000       1.75517201E-02  0.107483335      -5.92367351E-03   9.98501014E-03
           1.88999999       1.63360406E-02  0.104222797      -5.63598750E-03   1.06840581E-02
           1.89999998       1.57931075E-02  0.101750068      -5.44811087E-03   1.06399851E-02
           1.90999997       1.52682187E-02   9.93396342E-02  -5.26649738E-03   1.05918348E-02
           1.91999996       1.47607811E-02   9.69894826E-02  -5.09093748E-03   1.05397655E-02
           1.92999995       1.39672132E-02   9.47167650E-02  -4.96830791E-03   1.10025806E-02
           1.94000006       1.35030029E-02   9.24845114E-02  -4.80267918E-03   1.09301060E-02
           1.95000005       1.30542256E-02   9.03079584E-02  -4.64257039E-03   1.08547313E-02
           1.96000004       1.21414242E-02   8.76507759E-02  -4.40978073E-03   1.13763409E-02
           1.97000003       1.17379054E-02   8.55988562E-02  -4.26276727E-03   1.12795187E-02
           1.98000002       1.13477940E-02   8.35801959E-02  -4.12065862E-03   1.11632152E-02
           1.99000001       1.05484249E-02   8.11273381E-02  -3.91072268E-03   1.15894480E-02
           2.00000000       1.01978509E-02   7.92228132E-02  -3.78034520E-03   1.14556551E-02
