          0.100000001       845.600403       790.456238       174.183395       158.285278    
          0.109999999       731.522766       681.170410       162.841675       147.869095    
          0.119999997       582.397034       538.638367       148.213181       134.583450    
          0.129999995       504.233734       464.416901       137.558395       124.835854    
          0.140000001       434.915863       398.760834       126.867149       114.986328    
          0.150000006       344.771881       313.368500       113.353874       102.525093    
          0.159999996       298.046051       269.437134       104.118721       93.9774399    
          0.170000002       258.670135       232.542480       95.7507858       86.2345200    
          0.180000007       223.666748       199.878738       87.5849838       78.6899719    
          0.189999998       194.291092       172.666855       80.2546310       71.9386520    
          0.200000003       168.242523       148.607422       73.3867874       65.6340408    
          0.209999993       146.391373       128.521133       67.0471420       59.7935753    
          0.219999999       126.995422       110.786110       61.1375694       54.3409271    
          0.230000004       110.823845       96.0618591       55.8147240       49.4506111    
          0.239999995       95.5006943       82.1664047       50.6090088       44.6819725    
          0.250000000       83.6538315       71.4991379       46.1901054       40.6360359    
          0.259999990       72.2951508       61.3431206       41.7898560       36.6350098    
          0.270000011       62.9542503       53.0267029       37.9388237       33.1181908    
          0.280000001       54.6372490       45.6655273       34.3180504       29.8167114    
          0.289999992       47.8355408       39.6916199       31.1707325       26.9569244    
          0.300000012       41.7549553       34.3838310       28.2135677       24.2747059    
          0.310000002       36.3559456       29.7055607       25.4846592       21.8051453    
          0.319999993       31.9555969       25.9021549       23.0965786       19.6329212    
          0.330000013       27.6644516       22.2456989       20.7353840       17.5115948    
          0.340000004       24.2091618       19.3262691       18.7135792       15.7006350    
          0.349999994       23.0436764       18.3517323       17.8289280       14.9325342    
          0.360000014       20.2777061       16.0296268       16.1109695       13.3934488    
          0.370000005       17.7866993       13.9654074       14.5161867       11.9765196    
          0.379999995       15.6185579       12.1867895       13.0729475       10.6991720    
          0.389999986       13.7358017       10.6481400       11.7577286       9.53369427    
          0.400000006       13.0928421       10.1326971       11.2147989       9.07998371    
          0.409999996       11.3952894       8.77905750       10.0107279       8.02399349    
          0.419999987       10.1928177       7.82133245       9.08356285       7.21959496    
          0.430000007       9.01246929       6.89436865       8.16405010       6.42155886    
          0.439999998       8.60023689       6.56815195       7.79470634       6.12122488    
          0.449999988       7.61028147       5.79859304       6.99231958       5.42930984    
          0.460000008       6.75020361       5.14005709       6.27614450       4.81386185    
          0.469999999       6.44685698       4.88684797       5.99675131       4.57911921    
          0.479999989       5.73294401       4.34581709       5.37935019       4.05262280    
          0.490000010       5.10332251       3.87871814       4.81897306       3.57466102    
          0.500000000       4.87807798       3.70303535       4.60800505       3.41303086    
          0.509999990       4.36470795       3.32656169       4.13801432       3.02128625    
          0.519999981       3.89452100       2.98235583       3.69500828       2.65421128    
          0.529999971       3.72575951       2.84938431       3.53601813       2.53601241    
          0.540000021       3.34263682       2.57252336       3.16562629       2.23005033    
          0.550000012       3.00855255       2.33507371       2.83510327       1.96107757    
          0.560000002       2.88059974       2.23323321       2.71526408       1.87504566    
          0.569999993       2.59817004       2.03500438       2.42938447       1.64406240    
          0.579999983       2.34172797       1.85528600       2.16555238       1.43262637    
          0.589999974       2.24401975       1.77609313       2.07567501       1.37036562    
          0.600000024       2.02684307       1.62704515       1.84798443       1.19088697    
          0.610000014       1.84210014       1.50351810       1.65051854       1.03173959    
          0.620000005       1.76672280       1.43856943       1.58329260      0.992642820    
          0.629999995       1.60273015       1.33071291       1.40576744      0.849776447    
          0.639999986       1.53800833       1.27618432       1.34923792      0.813925743    
          0.649999976       1.40026295       1.18342602       1.19922841      0.698929489    
          0.660000026       1.27888179       1.10135078       1.06718695      0.599539399    
          0.670000017       1.22826922       1.05691862       1.02510583      0.574351251    
          0.680000007       1.12309039      0.987039745      0.908856094      0.487828106    
          0.689999998       1.07924771      0.947884560      0.873493195      0.468447328    
          0.699999988      0.989126384      0.887703359      0.773479283      0.394656330    
          0.709999979      0.951045811      0.853253841      0.743789434      0.378752381    
          0.720000029      0.873629272      0.802048385      0.657800078      0.316849530    
          0.730000019      0.804083347      0.755827844      0.580860078      0.262444407    
          0.740000010      0.773776472      0.727166593      0.559022129      0.252067029    
          0.750000000      0.713521004      0.687232435      0.492278218      0.205705717    
          0.759999990      0.687012374      0.661553800      0.474030495      0.197690547    
          0.769999981      0.634897351      0.626630366      0.416999340      0.158983648    
          0.779999971      0.611651838      0.603304088      0.401762217      0.152634144    
          0.790000021      0.566319168      0.572430789      0.352636784      0.119784392    
          0.800000012      0.545890033      0.551603496      0.339938313      0.115216397    
          0.810000002      0.506487727      0.523885250      0.298792839       8.86289477E-02
          0.819999993      0.488490790      0.505092859      0.288192123       8.53029713E-02
          0.829999983      0.453843921      0.480863005      0.251924723       6.23181462E-02
          0.839999974      0.437962562      0.461497784      0.243120715       6.47338256E-02
          0.850000024      0.409290701      0.441548675      0.212857798       4.59913202E-02
          0.860000014      0.395189762      0.426148415      0.205532506       4.43337373E-02
          0.870000005      0.368286014      0.406751126      0.178579763       2.82205138E-02
          0.879999995      0.355796665      0.392759323      0.172529146       2.72299051E-02
          0.889999986      0.332014829      0.375290751      0.149356231       1.38597488E-02
          0.899999976      0.320935339      0.362557322      0.144375607       1.33961039E-02
          0.910000026      0.299849719      0.346792728      0.124400757       2.30101752E-03
          0.920000017      0.290006042      0.333356768      0.120318912       4.21663135E-04
          0.930000007      0.272491843      0.320213884      0.103788435      -8.34425259E-03
          0.939999998      0.263693839      0.309625030      0.100438528      -8.04378558E-03
          0.949999988      0.246903494      0.295303136       8.56448933E-02  -1.67410970E-02
          0.959999979      0.239065528      0.285661489       8.29265490E-02  -1.61670055E-02
          0.970000029      0.224054813      0.273833364       7.01594949E-02  -2.21781339E-02
          0.980000019      0.217063591      0.265011907       6.79702535E-02  -2.14291811E-02
          0.990000010      0.204514921      0.254810244       5.76717854E-02  -2.59303153E-02
           1.00000000      0.198244497      0.246692538       5.59032671E-02  -2.50298586E-02
           1.00999999      0.186040118      0.236427948       4.66405153E-02  -2.87177563E-02
           1.01999998      0.180437103      0.228948787       4.52353843E-02  -2.77860966E-02
           1.02999997      0.170271397      0.220327914       3.75276506E-02  -3.07215154E-02
           1.03999996      0.165235862      0.213481843       3.64172645E-02  -2.96560526E-02
           1.04999995      0.155235305      0.204642043       2.95993984E-02  -3.19419391E-02
           1.05999994      0.150728777      0.198358789       2.87395120E-02  -3.08590326E-02
           1.07000005      0.146393999      0.192291215       2.79123876E-02  -2.99411621E-02
           1.08000004      0.138342038      0.185174659       2.24013682E-02  -3.16094644E-02
           1.09000003      0.134438813      0.179637805       2.17687245E-02  -3.06304693E-02
           1.10000002      0.127302185      0.173575997       1.65071636E-02  -3.22832465E-02
           1.11000001      0.123779774      0.168456256       1.60499606E-02  -3.13027687E-02
           1.12000000      0.117099367      0.162267163       1.20019810E-02  -3.21568362E-02
           1.13000000      0.113923013      0.157545984       1.16760386E-02  -3.11985221E-02
           1.13999999      0.107228667      0.151160955       8.13551247E-03  -3.16613801E-02
           1.14999998      0.104378484      0.146822050       7.91895390E-03  -3.07361390E-02
           1.15999997      0.101632498      0.142639667       7.71034276E-03  -2.98437979E-02
           1.16999996       9.62257683E-02  0.137405112       4.85273218E-03  -3.01295277E-02
           1.17999995       9.37467813E-02  0.133545205       4.72753262E-03  -2.92724576E-02
           1.19000006       8.88355374E-02  0.128774032       2.17966735E-03  -2.94450223E-02
           1.20000005       8.65953937E-02  0.125207126       2.12459755E-03  -2.86251400E-02
           1.21000004       7.94522688E-02  0.113946140       5.38243353E-03  -2.44009998E-02
           1.22000003       7.74921030E-02  0.110832356       5.24938619E-03  -2.37245504E-02
           1.23000002       7.56014735E-02  0.107828222       5.12105739E-03  -2.30716076E-02
           1.24000001       7.39229918E-02  0.109829642      -1.58014894E-03  -2.67564356E-02
           1.25000000       7.21598268E-02  0.106897138      -1.54238439E-03  -2.60492321E-02
           1.25999999       6.87994063E-02  0.103394158      -2.99380231E-03  -2.58596092E-02
           1.26999998       6.71960637E-02  0.100674629      -2.92385626E-03  -2.51918528E-02
           1.27999997       6.56485111E-02   9.80491638E-02  -2.85637379E-03  -2.45471597E-02
           1.28999996       6.21891357E-02   9.43157673E-02  -3.96730239E-03  -2.41166502E-02
           1.29999995       6.07909113E-02   9.18927416E-02  -3.87788564E-03  -2.35143211E-02
           1.30999994       5.77551462E-02   8.87638032E-02  -5.07456297E-03  -2.32315511E-02
           1.32000005       5.64881749E-02   8.65179524E-02  -4.96295327E-03  -2.26664301E-02
           1.33000004       5.52645214E-02   8.43486786E-02  -4.85514337E-03  -2.21204963E-02
           1.34000003       5.27229272E-02   8.15391317E-02  -5.65171754E-03  -2.17328761E-02
           1.35000002       5.16097695E-02   7.95275047E-02  -5.53204119E-03  -2.12231874E-02
           1.36000001       4.90018427E-02   7.66945258E-02  -6.28548861E-03  -2.07780991E-02
           1.37000000       4.79940772E-02   7.48324469E-02  -6.15580892E-03  -2.03044657E-02
           1.38000000       4.70201969E-02   7.30330423E-02  -6.03049481E-03  -1.98466927E-02
           1.38999999       4.48140018E-02   7.04639852E-02  -6.47929078E-03  -1.93443280E-02
           1.39999998       4.39292528E-02   6.87982067E-02  -6.35093683E-03  -1.89205650E-02
           1.40999997       4.18908447E-02   6.64198175E-02  -6.74735755E-03  -1.84317380E-02
           1.41999996       4.10868041E-02   6.48767427E-02  -6.61737984E-03  -1.80399865E-02
           1.42999995       4.03094850E-02   6.33851066E-02  -6.49172068E-03  -1.76611971E-02
           1.44000006       3.80320996E-02   6.05904050E-02  -6.57293946E-03  -1.69333462E-02
           1.45000005       3.73334847E-02   5.92212193E-02  -6.45171851E-03  -1.65887475E-02
           1.46000004       3.66579480E-02   5.78974672E-02  -6.33450365E-03  -1.62554923E-02
           1.47000003       3.50068845E-02   5.59815019E-02  -6.64047664E-03  -1.58326775E-02
           1.48000002       3.43927033E-02   5.47536910E-02  -6.52346900E-03  -1.55254453E-02
           1.49000001       3.27595510E-02   5.27679138E-02  -6.66491454E-03  -1.50197791E-02
           1.50000000       3.22028250E-02   5.16327769E-02  -6.55114418E-03  -1.47385048E-02
           1.50999999       3.16644385E-02   5.05352654E-02  -6.44110283E-03  -1.44664599E-02
           1.51999998       3.01806182E-02   4.87369485E-02  -6.55977940E-03  -1.39958411E-02
           1.52999997       2.96926498E-02   4.77218628E-02  -6.45320117E-03  -1.37472227E-02
           1.53999996       2.92207953E-02   4.67404462E-02  -6.35013217E-03  -1.35067804E-02
           1.54999995       2.78701261E-02   4.51099239E-02  -6.44882163E-03  -1.30678294E-02
           1.55999994       2.74425671E-02   4.42020111E-02  -6.34936243E-03  -1.28485681E-02
           1.57000005       2.63393316E-02   4.28193659E-02  -6.41893363E-03  -1.24746114E-02
           1.58000004       2.59497892E-02   4.19773459E-02  -6.32345164E-03  -1.22740315E-02
           1.59000003       2.55731642E-02   4.11633402E-02  -6.23114780E-03  -1.20801330E-02
           1.60000002       2.43300069E-02   3.96086536E-02  -6.20089239E-03  -1.16144121E-02
           1.61000001       2.39903126E-02   3.88585031E-02  -6.11379230E-03  -1.14393504E-02
           1.62000000       2.36619953E-02   3.81335057E-02  -6.02958864E-03  -1.12701608E-02
           1.63000000       2.25217361E-02   3.66325416E-02  -5.99505613E-03  -1.08456435E-02
           1.63999999       2.22259816E-02   3.59666161E-02  -5.91580430E-03  -1.06928824E-02
           1.64999998       2.19402257E-02   3.53232250E-02  -5.83922258E-03  -1.05453441E-02
           1.65999997       2.11019665E-02   3.42940912E-02  -5.88133698E-03  -1.02481274E-02
           1.66999996       2.08423417E-02   3.36979218E-02  -5.80845028E-03  -1.01144323E-02
           1.67999995       2.05916651E-02   3.31222117E-02  -5.73806465E-03  -9.98544227E-03
           1.69000006       1.94627400E-02   3.16401608E-02  -5.53387264E-03  -9.48880147E-03
           1.70000005       1.92394312E-02   3.09691783E-02  -5.46986982E-03  -9.32225585E-03
           1.71000004       1.83681175E-02   2.98230052E-02  -5.34806773E-03  -8.95159971E-03
           1.72000003       1.81675274E-02   2.93449238E-02  -5.28917788E-03  -8.85137636E-03
           1.73000002       1.79741848E-02   2.88838651E-02  -5.23238117E-03  -8.75493605E-03
           1.74000001       1.72394067E-02   2.79641971E-02  -5.18975407E-03  -8.46283883E-03
           1.75000000       1.70654822E-02   2.75401678E-02  -5.13690710E-03  -8.37733317E-03
           1.75999999       1.68980416E-02   2.71316078E-02  -5.08601731E-03  -8.29526689E-03
           1.76999998       1.61450170E-02   2.61590984E-02  -4.97398572E-03  -7.97194242E-03
           1.77999997       1.59955565E-02   2.57858038E-02  -4.92745964E-03  -7.90018216E-03
           1.78999996       1.58519298E-02   2.54266541E-02  -4.88273427E-03  -7.83155393E-03
           1.79999995       1.51218222E-02   2.45695543E-02  -4.84126201E-03  -7.53833214E-03
           1.80999994       1.49944201E-02   2.42414530E-02  -4.80000302E-03  -7.47945020E-03
           1.82000005       1.48722632E-02   2.39263196E-02  -4.76042740E-03  -7.42344325E-03
           1.83000004       1.35067552E-02   2.18201112E-02  -3.97216342E-03  -6.64507085E-03
           1.84000003       1.34042380E-02   2.15485487E-02  -3.94162489E-03  -6.59977039E-03
           1.85000002       1.33062126E-02   2.12883651E-02  -3.91240558E-03  -6.55695796E-03
           1.86000001       1.34618608E-02   2.18916107E-02  -4.54428000E-03  -6.82139769E-03
           1.87000000       1.33708986E-02   2.16428395E-02  -4.51311516E-03  -6.78439206E-03
           1.88000000       1.32842651E-02   2.14051753E-02  -4.48341481E-03  -6.74988097E-03
           1.88999999       1.27099045E-02   2.06982139E-02  -4.38495912E-03  -6.49619987E-03
           1.89999998       1.26346340E-02   2.04849374E-02  -4.35854075E-03  -6.46900898E-03
           1.90999997       1.25633255E-02   2.02820469E-02  -4.33349237E-03  -6.44418830E-03
           1.91999996       1.24959080E-02   2.00893339E-02  -4.30979254E-03  -6.42172107E-03
           1.92999995       1.21683711E-02   1.97318885E-02  -4.32843762E-03  -6.30089035E-03
           1.94000006       1.21098692E-02   1.95592567E-02  -4.30717552E-03  -6.28466764E-03
           1.95000005       1.20550171E-02   1.93963442E-02  -4.28721355E-03  -6.27076020E-03
           1.96000004       1.15482314E-02   1.87977944E-02  -4.19433229E-03  -6.04549935E-03
           1.97000003       1.15023563E-02   1.86555292E-02  -4.17722436E-03  -6.03795564E-03
           1.98000002       1.14598796E-02   1.85225103E-02  -4.16135835E-03  -6.03268249E-03
           1.99000001       1.09812059E-02   1.79685522E-02  -4.07117093E-03  -5.81867201E-03
           2.00000000       1.09467795E-02   1.78548452E-02  -4.05797223E-03  -5.81940683E-03
