          0.100000001       1360.68311       1056.86902       280.284088       169.474045    
          0.109999999       1172.48865       893.970398       261.003448       157.015457    
          0.119999997       929.538391       687.837402       236.556564       143.155960    
          0.129999995       801.171814       580.006592       218.565109       131.746582    
          0.140000001       687.738098       486.509613       200.616638       120.042442    
          0.150000006       542.440613       368.344971       178.343216       105.913307    
          0.159999996       466.427887       308.484741       162.940781       96.0905533    
          0.170000002       402.537842       258.883331       149.005646       86.8647079    
          0.180000007       346.018555       215.635986       135.496338       77.9627991    
          0.189999998       298.721832       180.693680       123.391182       70.2958908    
          0.200000003       257.006683       150.436157       112.105408       63.0563393    
          0.209999993       222.124756       125.740662       101.732979       56.3862801    
          0.219999999       191.346603       104.508339       92.1172180       50.2550468    
          0.230000004       165.766068       87.3526993       83.4855270       44.7712898    
          0.239999995       141.767578       71.7396927       75.1273956       39.5200043    
          0.250000000       123.209106       60.0184631       68.0308533       35.0260773    
          0.259999990       105.616249       49.4658318       61.0509453       30.8301525    
          0.270000011       91.1989822       41.1460609       54.9602547       27.1765041    
          0.280000001       78.4648819       33.8127289       49.2843628       23.6785030    
          0.289999992       68.0827713       28.4268703       44.3642998       20.8484707    
          0.300000012       58.8807182       23.9387970       39.7853394       18.2898636    
          0.310000002       50.7805367       20.2300587       35.5959663       15.9870520    
          0.319999993       44.1981392       17.4275665       31.9451351       14.0568323    
          0.330000013       37.8785057       14.9762316       28.3911381       12.2183676    
          0.340000004       32.8051910       13.1974211       25.3582687       10.6947374    
          0.349999994       30.8947697       12.4145384       23.9033298       9.97815990    
          0.360000014       26.8906116       11.1713829       21.3650303       8.76937866    
          0.370000005       23.3240814       10.2202711       19.0353851       7.70321846    
          0.379999995       20.2467728       9.54610062       16.9468269       6.73030090    
          0.389999986       17.5975742       9.04684734       15.0633707       5.94447088    
          0.400000006       16.5727749       8.65107727       14.1955690       5.58218384    
          0.409999996       14.2471342       8.43877411       12.5160637       4.96059752    
          0.419999987       12.5839052       8.24652195       11.2144356       4.49499750    
          0.430000007       10.9840555       8.17294025       9.95003510       4.06578732    
          0.439999998       10.3443956       7.93274069       9.37550068       3.88309789    
          0.449999988       9.03129482       7.94226694       8.29794502       3.56046367    
          0.460000008       7.90130377       8.05002499       7.34640360       3.32015252    
          0.469999999       7.44117165       8.00838375       6.92164421       3.25342941    
          0.479999989       6.52319860       8.11435223       6.12086296       3.06621861    
          0.490000010       5.72273779       8.24671173       5.40387535       2.92296243    
          0.500000000       5.38947058       8.08283043       5.09108448       2.85868096    
          0.509999990       4.74982214       8.23574829       4.50312662       2.75487161    
          0.519999981       4.17329741       8.37956333       3.95950317       2.69261765    
          0.529999971       3.93026280       8.23672771       3.73010659       2.66745448    
          0.540000021       3.47020984       8.37588882       3.28644395       2.63330269    
          0.550000012       3.07300067       8.50179291       2.89583588       2.61763453    
          0.560000002       2.89404225       8.35491180       2.72793484       2.60140228    
          0.569999993       2.56675553       8.46844101       2.40001082       2.60077405    
          0.579999983       2.27419162       8.57120895       2.10309672       2.61639905    
          0.589999974       2.14175200       8.42623806       1.98107946       2.61033916    
          0.600000024       1.90061033       8.52562428       1.73289120       2.64682651    
          0.610000014       1.69666004       8.59628773       1.52020454       2.67406678    
          0.620000005       1.59785414       8.45016193       1.43195677       2.66918468    
          0.629999995       1.42296660       8.51212978       1.24809539       2.70477605    
          0.639999986       1.34009945       8.36840820       1.17561972       2.70151067    
          0.649999976       1.19704473       8.40697002       1.02518594       2.73876452    
          0.660000026       1.07233810       8.43520069      0.894832611       2.77745271    
          0.670000017       1.00988996       8.28976440      0.842847824       2.76760101    
          0.680000007      0.905217171       8.30223370      0.732542992       2.80524945    
          0.689999998      0.852501452       8.15865231      0.689975321       2.79889870    
          0.699999988      0.765491664       8.15926743      0.598600864       2.83622527    
          0.709999979      0.720912457       8.01688480      0.563807905       2.82899356    
          0.720000029      0.648454428       8.00334072      0.488254428       2.86143994    
          0.730000019      0.584255755       7.97942352      0.422059298       2.89187169    
          0.740000010      0.550231278       7.84071207      0.397519797       2.87976050    
          0.750000000      0.496412843       7.80887079      0.342489123       2.90658832    
          0.759999990      0.467504114       7.67014551      0.322572351       2.89133453    
          0.769999981      0.422461718       7.62799454      0.277471989       2.91377950    
          0.779999971      0.397859424       7.49251127      0.261333108       2.89681363    
          0.790000021      0.360003322       7.44097567      0.224167630       2.91304851    
          0.800000012      0.339038372       7.30860376      0.211127028       2.89325643    
          0.810000002      0.307248205       7.24850082      0.181255266       2.90674663    
          0.819999993      0.289355487       7.11881113      0.170709416       2.88549447    
          0.829999983      0.262431175       7.05704308      0.145673200       2.89557838    
          0.839999974      0.247148395       6.93049479      0.137196407       2.87252808    
          0.850000024      0.225342467       6.86502600      0.117192768       2.87709498    
          0.860000014      0.212219596       6.74187994      0.110372365       2.85188746    
          0.870000005      0.192846656       6.67217112       9.35102403E-02   2.85454845    
          0.879999995      0.181616113       6.55110407       8.80673602E-02   2.82752013    
          0.889999986      0.165163383       6.47802973       7.42984265E-02   2.82805467    
          0.899999976      0.155544981       6.36410713       6.99733049E-02   2.79521847    
          0.910000026      0.141547829       6.28993845       5.87249398E-02   2.79117584    
          0.920000017      0.133304611       6.17644453       5.53059727E-02   2.76274490    
          0.930000007      0.121929705       6.09973669       4.64413613E-02   2.75528598    
          0.939999998      0.114828952       5.98706675       4.37372774E-02   2.73078752    
          0.949999988      0.104605228       5.91012621       3.62850390E-02   2.72163606    
          0.959999979       9.85134467E-02   5.80322123       3.41721326E-02   2.69132161    
          0.970000029       8.97767320E-02   5.72469187       2.81122774E-02   2.67855358    
          0.980000019       8.45485255E-02   5.62113571       2.64751222E-02   2.64764142    
          0.990000010       7.74162486E-02   5.54516363       2.18308438E-02   2.63494945    
           1.00000000       7.29078725E-02   5.44477081       2.05593985E-02   2.60345340    
           1.00999999       6.64545074E-02   5.36626577       1.66602340E-02   2.58726525    
           1.01999998       6.25845119E-02   5.26840019       1.56898666E-02   2.55467892    
           1.02999997       5.73302805E-02   5.19261408       1.26355393E-02   2.53757787    
           1.03999996       5.39916269E-02   5.10080338       1.18995234E-02   2.50612950    
           1.04999995       4.92119826E-02   5.02197409       9.38346237E-03   2.48669267    
           1.05999994       4.63461019E-02   4.93150759       8.83683283E-03   2.45410514    
           1.07000005       4.36471254E-02   4.84256697       8.32203310E-03   2.42219329    
           1.08000004       3.99834365E-02   4.76858759       6.47441298E-03   2.40107942    
           1.09000003       3.76549661E-02   4.68263912       6.09719986E-03   2.36920524    
           1.10000002       3.45448889E-02   4.61213636       4.47940314E-03   2.34785128    
           1.11000001       3.25331688E-02   4.52910376       4.21843072E-03   2.31615138    
           1.12000000       2.98014972E-02   4.45784998       3.05447355E-03   2.29361463    
           1.13000000       2.80660018E-02   4.37708187       2.87650269E-03   2.26153016    
           1.13999999       2.55648792E-02   4.30686283       1.93962827E-03   2.23897958    
           1.14999998       2.40760911E-02   4.22928715       1.82659796E-03   2.20829415    
           1.15999997       2.26740148E-02   4.15375328       1.72016397E-03   2.17684221    
           1.16999996       2.07580272E-02   4.08723879       1.04684138E-03   2.15361905    
           1.17999995       1.95491780E-02   4.01344061       9.85840918E-04   2.12308383    
           1.19000006       1.79025270E-02   3.94860959       4.39257681E-04   2.09952211    
           1.20000005       1.68599579E-02   3.87838554       4.13654983E-04   2.06875253    
           1.21000004       1.49410367E-02   3.79258895       1.01216941E-03   2.03802752    
           1.22000003       1.40709383E-02   3.72540689       9.53176990E-04   2.00861287    
           1.23000002       1.32515095E-02   3.65948868       8.97623599E-04   1.97951555    
           1.24000001       1.25043718E-02   3.61756134      -2.67288327E-04   1.96174276    
           1.25000000       1.17761781E-02   3.55325699      -2.51710415E-04   1.93293035    
           1.25999999       1.08292438E-02   3.49450684      -4.71232459E-04   1.90882504    
           1.26999998       1.01985997E-02   3.43248487      -4.43765282E-04   1.88053560    
           1.27999997       9.60467849E-03   3.37133813      -4.17900592E-04   1.85228574    
           1.28999996       8.76824092E-03   3.31459999      -5.59362874E-04   1.82867110    
           1.29999995       8.25761631E-03   3.25582576      -5.26757911E-04   1.80156195    
           1.30999994       7.55619397E-03   3.20201302      -6.63913146E-04   1.77862990    
           1.32000005       7.11615430E-03   3.14549255      -6.25213317E-04   1.75182581    
           1.33000004       6.70174276E-03   3.08996868      -5.88766590E-04   1.72552645    
           1.34000003       6.15279516E-03   3.03732586      -6.59558631E-04   1.70168698    
           1.35000002       5.79448650E-03   2.98345876      -6.21109910E-04   1.67566431    
           1.36000001       5.29156066E-03   2.93325114      -6.78751327E-04   1.65376663    
           1.37000000       4.98340419E-03   2.88143158      -6.39180013E-04   1.62818491    
           1.38000000       4.69319429E-03   2.83082867      -6.01917796E-04   1.60319197    
           1.38999999       4.29854868E-03   2.78278041      -6.21491752E-04   1.58096659    
           1.39999998       4.04821848E-03   2.73219681      -5.85258647E-04   1.56016910    
           1.40999997       3.70774209E-03   2.68602180      -5.97206119E-04   1.53801382    
           1.41999996       3.49182077E-03   2.63822317      -5.62387810E-04   1.51423645    
           1.42999995       3.28847580E-03   2.59225655      -5.29599085E-04   1.49049056    
           1.44000006       2.97750602E-03   2.54750443      -5.14590822E-04   1.46923161    
           1.45000005       2.80410796E-03   2.50256705      -4.84586839E-04   1.44610918    
           1.46000004       2.64080870E-03   2.45903754      -4.56332375E-04   1.42350399    
           1.47000003       2.41809455E-03   2.41751766      -4.58689727E-04   1.40298855    
           1.48000002       2.27727671E-03   2.37560034      -4.31944762E-04   1.38110828    
           1.49000001       2.07871501E-03   2.33510423      -4.22913727E-04   1.36097109    
           1.50000000       1.95765914E-03   2.29447675      -3.98254022E-04   1.33938277    
           1.50999999       1.84365467E-03   2.25479794      -3.75031814E-04   1.31848156    
           1.51999998       1.68259256E-03   2.21641755      -3.65712680E-04   1.29908478    
           1.52999997       1.58460531E-03   2.17828870      -3.44387401E-04   1.27835119    
           1.53999996       1.49232429E-03   2.14082432      -3.24305292E-04   1.25807321    
           1.54999995       1.36172271E-03   2.10456443      -3.15086916E-04   1.23942471    
           1.55999994       1.28242292E-03   2.06835985      -2.96713086E-04   1.21986532    
           1.57000005       1.17691827E-03   2.03329945      -2.86816852E-04   1.20161903    
           1.58000004       1.10837969E-03   1.99883568      -2.70090386E-04   1.18180478    
           1.59000003       1.04383298E-03   1.96460164      -2.54339917E-04   1.16311991    
           1.60000002       9.48766072E-04   1.93120193      -2.41808244E-04   1.14559400    
           1.61000001       8.93513614E-04   1.89819825      -2.27706783E-04   1.12744486    
           1.62000000       8.41479108E-04   1.83000660      -2.14427171E-04   1.10042191    
           1.63000000       7.64538709E-04   1.79162085      -2.03512376E-04   1.07828653    
           1.63999999       7.20015785E-04   1.76108646      -1.91643878E-04   1.06117213    
           1.64999998       6.78085082E-04   1.73051107      -1.80467105E-04   1.04408920    
           1.65999997       6.22022955E-04   1.70141685      -1.73364300E-04   1.02814567    
           1.66999996       5.85799513E-04   1.67249835      -1.63253586E-04   1.01179349    
           1.67999995       5.51685516E-04   1.64409208      -1.53732486E-04  0.995688438    
           1.69000006       4.96911991E-04   1.61600971      -1.41287790E-04  0.980335951    
           1.70000005       4.67974023E-04   1.58132839      -1.33047448E-04  0.961746991    
           1.71000004       4.25526290E-04   1.55453050      -1.23896345E-04  0.946829140    
           1.72000003       4.00745572E-04   1.52824628      -1.16670468E-04  0.931721687    
           1.73000002       3.77408374E-04   1.50244236      -1.09865658E-04  0.916862309    
           1.74000001       3.44470347E-04   1.46816814      -1.03699451E-04  0.900205314    
           1.75000000       3.24409833E-04   1.44342709      -9.76511146E-05  0.885827720    
           1.75999999       3.05517839E-04   1.41909897      -9.19555532E-05  0.871726692    
           1.76999998       2.77550280E-04   1.39513302      -8.55081671E-05  0.858066559    
           1.77999997       2.61386973E-04   1.37169182      -8.05207310E-05  0.844360530    
           1.78999996       2.46164855E-04   1.34866512      -7.58240712E-05  0.830872536    
           1.79999995       2.23093186E-04   1.32615900      -7.14234266E-05  0.818003595    
           1.80999994       2.10101323E-04   1.30386591      -6.72574897E-05  0.804851830    
           1.82000005       1.97865869E-04   1.28200817      -6.33344243E-05  0.792045772    
           1.83000004       1.70576081E-04   1.25894308      -5.01642535E-05  0.778825998    
           1.84000003       1.60642550E-04   1.23793352      -4.72382526E-05  0.766380012    
           1.85000002       1.51287546E-04   1.21728909      -4.44828293E-05  0.754130781    
           1.86000001       1.45165061E-04   1.19824898      -4.90029342E-05  0.742408574    
           1.87000000       1.36711271E-04   1.17828608      -4.61445125E-05  0.730534077    
           1.88000000       1.28749874E-04   1.15867281      -4.34528483E-05  0.718849838    
           1.88999999       1.16733492E-04   1.13950789      -4.02734477E-05  0.707324803    
           1.89999998       1.09935434E-04   1.12047708      -3.79241646E-05  0.696058691    
           1.90999997       1.03533210E-04   1.10188103      -3.57119243E-05  0.684928417    
           1.91999996       9.75039802E-05   1.08360493      -3.36287594E-05  0.673973143    
           1.92999995       8.98761573E-05   1.06576931      -3.19700448E-05  0.663386285    
           1.94000006       8.46420517E-05   1.04813182      -3.01050459E-05  0.652784705    
           1.95000005       7.97128450E-05   1.03079331      -2.83488826E-05  0.642346203    
           1.96000004       7.22217956E-05   1.01374781      -2.62310496E-05  0.632235169    
           1.97000003       6.80159646E-05  0.997011364      -2.47008484E-05  0.622126162    
           1.98000002       6.40550352E-05  0.980559886      -2.32599268E-05  0.612176716    
           1.99000001       5.80030610E-05  0.964384973      -2.15040545E-05  0.602527797    
           2.00000000       5.46251977E-05  0.948505104      -2.02495721E-05  0.592895567    
