          0.100000001       1648.59436       1530.59912       339.590240       295.869629    
          0.109999999       1449.27637       1339.59937       322.618164       281.063477    
          0.119999997       1172.18445       1075.19080       298.307037       260.518188    
          0.129999995       1030.71851       941.004150       281.186981       245.657761    
          0.140000001       902.658447       819.801270       263.310028       229.896194    
          0.150000006       726.337585       653.210938       238.804703       208.222412    
          0.159999996       637.171997       569.465332       222.588135       193.681396    
          0.170000002       561.002258       498.182587       207.663742       180.203964    
          0.180000007       491.975250       433.877350       192.651108       166.777359    
          0.189999998       433.308197       379.668610       178.983932       154.653214    
          0.200000003       380.329559       330.886871       165.898392       142.991180    
          0.209999993       335.350189       289.659790       153.590134       131.984055    
          0.219999999       294.719025       252.626419       141.882309       121.545830    
          0.230000004       260.476685       221.573608       131.185074       111.989967    
          0.239999995       227.266891       191.601685       120.436333       102.383888    
          0.250000000       201.505936       168.488205       111.263039       94.1699448    
          0.259999990       176.222656       145.996750       101.864632       85.8286972    
          0.270000011       155.241150       127.452629       93.5547104       78.4458237    
          0.280000001       136.263062       110.630394       85.5878296       71.3250198    
          0.289999992       120.621834       97.0474014       78.5999527       65.1600952    
          0.300000012       106.425964       84.8364792       71.9113693       59.1716309    
          0.310000002       93.6391983       73.9077454       65.6388779       53.6670532    
          0.319999993       83.1477127       65.0016937       60.0967560       48.8009644    
          0.330000013       72.6984482       56.2436943       54.4897919       43.9100151    
          0.340000004       64.2333603       49.2280426       49.6521034       39.7076569    
          0.349999994       61.7147636       47.1454163       47.7488060       38.0987434    
          0.360000014       54.8012886       41.4819870       43.5405235       34.4579964    
          0.370000005       48.4931526       36.3793640       39.5765152       31.0428696    
          0.379999995       42.9454842       31.9501801       35.9459572       27.9286938    
          0.389999986       38.0803032       28.1353436       32.5964127       25.1018753    
          0.400000006       36.5871544       26.9467564       31.3390789       24.0666904    
          0.409999996       32.0883064       23.4924068       28.1894817       21.3999691    
          0.419999987       28.9148312       21.0526524       25.7681141       19.3618069    
          0.430000007       25.7486172       18.6696949       23.3246841       17.3108654    
          0.439999998       24.7390003       17.8796520       22.4218540       16.5871620    
          0.449999988       22.0349903       15.8769579       20.2457294       14.7755194    
          0.460000008       19.6674328       14.1570635       18.2862110       13.1481447    
          0.469999999       18.8962650       13.5273924       17.5769672       12.5533285    
          0.479999989       16.8997803       12.1034117       15.8574419       11.1401892    
          0.490000010       15.1255159       10.8701553       14.2827463       9.86281490    
          0.500000000       14.5324354       10.4208689       13.7278528       9.44838810    
          0.509999990       13.0663862       9.43214893       12.3877459       8.37199688    
          0.519999981       11.7123308       8.52575779       11.1123199       7.35529089    
          0.529999971       11.2530832       8.17242813       10.6799974       7.03802872    
          0.540000021       10.1365881       7.44638586       9.59980106       6.19443274    
          0.550000012       9.15765858       6.82441187       8.62970257       5.43833399    
          0.560000002       8.79857922       6.54590225       8.29357243       5.20077562    
          0.569999993       7.96119118       6.02359772       7.44400597       4.54553223    
          0.579999983       7.19625425       5.55484056       6.65485716       3.94873714    
          0.589999974       6.91408205       5.33259058       6.39539194       3.77365303    
          0.600000024       6.25956726       4.95055962       5.70719290       3.26908374    
          0.610000014       5.70075035       4.62678719       5.10786295       2.82926297    
          0.620000005       5.47722101       4.44616461       4.90854788       2.70177770    
          0.629999995       4.97626638       4.16255999       4.36472321       2.30985951    
          0.639999986       4.78114367       4.00234556       4.19432116       2.20426774    
          0.649999976       4.35703611       3.76506734       3.73149991       1.87843645    
          0.660000026       3.98197365       3.55437827       3.32283235       1.59689867    
          0.670000017       3.82583833       3.41618466       3.19302106       1.51722860    
          0.680000007       3.49857450       3.24007607       2.83120632       1.27357781    
          0.689999998       3.36139488       3.12093234       2.72055745       1.21338570    
          0.699999988       3.07928872       2.97188687       2.40794897       1.00861609    
          0.709999979       2.95854831       2.86447263       2.31380773      0.960196257    
          0.720000029       2.71494675       2.73755527       2.04422188      0.788952053    
          0.730000019       2.49557614       2.62325597       1.80277395      0.639852226    
          0.740000010       2.39772248       2.53144693       1.73225725      0.607992351    
          0.750000000       2.20689940       2.43384910       1.52260196      0.482999414    
          0.759999990       2.12036586       2.35017514       1.46302760      0.458359867    
          0.769999981       1.95478356       2.26478648       1.28389800      0.356113762    
          0.779999971       1.87813485       2.18829226       1.23364890      0.337411493    
          0.790000021       1.73376310       2.11367846       1.07958329      0.253482819    
          0.800000012       1.66578102       2.04353547       1.03732049      0.239675120    
          0.810000002       1.54008329       1.97494853      0.908542931      0.173852921    
          0.819999993       1.47969615       1.91052687      0.872967958      0.163940743    
          0.829999983       1.36912191       1.84508979      0.759987354      0.117486797    
          0.839999974       1.31543827       1.78584826      0.730222762      0.110673510    
          0.850000024       1.22360611       1.73772728      0.636354804       6.75176755E-02
          0.860000014       1.17562807       1.68282366      0.611427307       6.32658005E-02
          0.870000005       1.08988941       1.63490117      0.528481066       2.85133515E-02
          0.879999995       1.04715395       1.58370173      0.507774770       2.59606037E-02
          0.889999986      0.971529007       1.54003680      0.437040418      -8.97725404E-04
          0.899999976      0.933434784       1.49489748      0.419914007       5.44786453E-04
          0.910000026      0.866596520       1.45500934      0.359531015      -1.99972782E-02
          0.920000017      0.832616627       1.41121352      0.345439464      -1.92983951E-02
          0.930000007      0.776953399       1.37720585      0.295931011      -3.42736244E-02
          0.939999998      0.746488333       1.33468831      0.284330398      -3.43015976E-02
          0.949999988      0.693762243       1.30031455      0.240649477      -4.48819809E-02
          0.959999979      0.666559577       1.26231265      0.231214762      -4.25004959E-02
          0.970000029      0.619716287       1.23012519      0.194055095      -4.98890877E-02
          0.980000019      0.595416784       1.19469762      0.186445951      -4.70057316E-02
          0.990000010      0.556202471       1.16995859      0.156845227      -4.70512696E-02
           1.00000000      0.534393609       1.13671398      0.150694445      -4.39845733E-02
           1.00999999      0.496932268       1.10735118      0.124581575      -4.58347015E-02
           1.01999998      0.477447510       1.07632244      0.119695581      -4.25856896E-02
           1.02999997      0.446199030       1.05093479       9.83418226E-02  -4.30456810E-02
           1.03999996      0.428703338       1.02207172       9.44843665E-02  -3.97895984E-02
           1.04999995      0.398645848      0.995675504       7.60115385E-02  -3.81608419E-02
           1.05999994      0.383014679      0.968497455       7.30295554E-02  -3.48509140E-02
           1.07000005      0.367996484      0.941850364       7.01645240E-02  -3.19794007E-02
           1.08000004      0.343917340      0.911906004       5.56896515E-02  -3.78260612E-02
           1.09000003      0.330432028      0.887341976       5.35045080E-02  -3.45640182E-02
           1.10000002      0.309264094      0.869172335       4.01020050E-02  -3.21249962E-02
           1.11000001      0.297137827      0.846028149       3.85285206E-02  -2.89613809E-02
           1.12000000      0.277687043      0.826273739       2.84612570E-02  -2.52274275E-02
           1.13000000      0.266798824      0.804526389       2.73444057E-02  -2.22349167E-02
           1.13999999      0.247932240      0.784159601       1.88108180E-02  -1.74854193E-02
           1.14999998      0.238210618      0.763773024       1.80724952E-02  -1.47051020E-02
           1.15999997      0.228870258      0.743995011       1.73632298E-02  -1.20419664E-02
           1.16999996      0.213763177      0.726623714       1.07802153E-02  -7.71979475E-03
           1.17999995      0.205381453      0.706753254       1.03571219E-02  -6.46313047E-03
           1.19000006      0.191881493      0.690809429       4.70800186E-03  -2.06240010E-03
           1.20000005      0.184357718      0.673312128       4.52317810E-03   2.08298370E-04
           1.21000004      0.166675329      0.629333377       1.12912850E-02   9.27591324E-03
           1.22000003      0.160139874      0.613718092       1.08480155E-02   1.10710859E-02
           1.23000002      0.153860688      0.598549902       1.04221301E-02   1.27800703E-02
           1.24000001      0.148118794      0.610013008      -3.16611934E-03   1.31692486E-02
           1.25000000      0.142310992      0.594946146      -3.04183364E-03   1.48901539E-02
           1.25999999      0.133511350      0.582048178      -5.80972433E-03   1.86299887E-02
           1.26999998      0.128276303      0.567806959      -5.58159733E-03   2.01491918E-02
           1.27999997      0.123246528      0.553965032      -5.36246086E-03   2.15862598E-02
           1.28999996      0.114786319      0.540543497      -7.32269371E-03   2.56358776E-02
           1.29999995      0.110285461      0.527000904      -7.03517115E-03   2.63647642E-02
           1.30999994      0.102956213      0.515726626      -9.04608238E-03   3.01196184E-02
           1.32000005       9.89192054E-02  0.502836287      -8.69086385E-03   3.06076407E-02
           1.33000004       9.50405523E-02  0.490863413      -8.34957790E-03   3.16093750E-02
           1.34000003       8.90183449E-02  0.480022222      -9.54246987E-03   3.47575545E-02
           1.35000002       8.55278671E-02  0.468694061      -9.16771591E-03   3.55866142E-02
           1.36000001       7.96824321E-02  0.458190113      -1.02209002E-02   3.89351659E-02
           1.37000000       7.65580758E-02  0.447476119      -9.81947780E-03   3.95911336E-02
           1.38000000       7.35561848E-02  0.437048107      -9.43382084E-03   4.01942730E-02
           1.38999999       6.87318742E-02  0.426900744      -9.93737578E-03   4.28869538E-02
           1.39999998       6.60368279E-02  0.417040348      -9.54706967E-03   4.33397107E-02
           1.40999997       6.17046542E-02  0.407530665      -9.93876625E-03   4.58254218E-02
           1.41999996       5.92851751E-02  0.398198336      -9.54838376E-03   4.61388230E-02
           1.42999995       5.69605939E-02  0.389109343      -9.17332899E-03   4.64119501E-02
           1.44000006       5.26160784E-02  0.378612667      -9.09343362E-03   4.89766598E-02
           1.45000005       5.05529754E-02  0.370021969      -8.73622298E-03   4.91241813E-02
           1.46000004       4.85707633E-02  0.359736115      -8.39304458E-03   5.31304665E-02
           1.47000003       4.53729518E-02  0.351931959      -8.60682130E-03   5.49151115E-02
           1.48000002       4.35938537E-02  0.344079614      -8.26870929E-03   5.48009090E-02
           1.49000001       4.05966751E-02  0.336055994      -8.25937558E-03   5.64118437E-02
           1.50000000       3.90048586E-02  0.328620493      -7.93490559E-03   5.62036224E-02
           1.50999999       3.74754518E-02  0.321371943      -7.62316352E-03   5.59746437E-02
           1.51999998       3.48924883E-02  0.314031959      -7.58390361E-03   5.73598929E-02
           1.52999997       3.35243382E-02  0.307160467      -7.28595257E-03   5.70490770E-02
           1.53999996       3.22098173E-02  0.300459296      -6.99969381E-03   5.67219257E-02
           1.54999995       2.99846809E-02  0.293732673      -6.93810871E-03   5.79035692E-02
           1.55999994       2.88089681E-02  0.287373900      -6.66550687E-03   5.75058348E-02
           1.57000005       2.69729774E-02  0.281143367      -6.57335529E-03   5.83154969E-02
           1.58000004       2.59153545E-02  0.275099903      -6.31506229E-03   5.78610487E-02
           1.59000003       2.48991977E-02  0.269202918      -6.06692815E-03   5.73967285E-02
           1.60000002       2.30886806E-02  0.262881190      -5.88451931E-03   5.82477637E-02
           1.61000001       2.21833531E-02  0.256397724      -5.65329939E-03   5.95149510E-02
           1.62000000       2.13135388E-02  0.249634817      -5.43115148E-03   5.82154393E-02
           1.63000000       1.97559278E-02  0.242523149      -5.25882468E-03   5.82149215E-02
           1.63999999       1.89812854E-02  0.237407044      -5.05217398E-03   5.76383285E-02
           1.64999998       1.82370152E-02  0.232389614      -4.85364208E-03   5.70432544E-02
           1.65999997       1.70671958E-02  0.227579251      -4.75680316E-03   5.74342720E-02
           1.66999996       1.63979810E-02  0.222820833      -4.56987182E-03   5.68215251E-02
           1.67999995       1.57550108E-02  0.218174264      -4.39028488E-03   5.62072881E-02
           1.69000006       1.44774690E-02  0.212564006      -4.11640108E-03   5.65658398E-02
           1.70000005       1.39098009E-02  0.206188396      -3.95462802E-03   5.59586994E-02
           1.71000004       1.29036233E-02  0.201343492      -3.75702349E-03   5.60899489E-02
           1.72000003       1.23976618E-02  0.197208047      -3.60937603E-03   5.54184020E-02
           1.73000002       1.19115459E-02  0.191941917      -3.46751628E-03   5.35232238E-02
           1.74000001       1.10916113E-02  0.187672436      -3.33902054E-03   5.36372960E-02
           1.75000000       1.06567033E-02  0.183847621      -3.20779043E-03   5.29724173E-02
           1.75999999       1.02388496E-02  0.180109546      -3.08171660E-03   5.23106158E-02
           1.76999998       9.48946830E-03  0.175999463      -2.92353332E-03   5.23121469E-02
           1.77999997       9.11738072E-03  0.172445580      -2.80862511E-03   5.16383313E-02
           1.78999996       8.75988510E-03  0.168971479      -2.69823358E-03   5.09687252E-02
           1.79999995       8.09924025E-03  0.165405497      -2.59297737E-03   5.10716103E-02
           1.80999994       7.78166577E-03  0.162093535      -2.49106158E-03   5.03895879E-02
           1.82000005       7.47654168E-03  0.158855066      -2.39314861E-03   4.97128554E-02
           1.83000004       6.57557929E-03  0.152727529      -1.93379389E-03   4.92379107E-02
           1.84000003       6.31774589E-03  0.149721086      -1.85778493E-03   4.85633202E-02
           1.85000002       6.07002387E-03  0.146780208      -1.78475992E-03   4.78948653E-02
           1.86000001       5.94203779E-03  0.146184266      -2.00583623E-03   4.81162183E-02
           1.87000000       5.70904789E-03  0.143304303      -1.92698964E-03   4.74382490E-02
           1.88000000       5.48519380E-03  0.140487060      -1.85124297E-03   4.67671119E-02
           1.88999999       5.07371686E-03  0.137456462      -1.75044930E-03   4.65735607E-02
           1.89999998       4.87477472E-03  0.134770095      -1.68163981E-03   4.59027700E-02
           1.90999997       4.68363194E-03  0.132141903      -1.61553465E-03   4.52393778E-02
           1.91999996       4.49998258E-03  0.129569978      -1.55202753E-03   4.45832647E-02
           1.92999995       4.23173839E-03  0.127182767      -1.50528073E-03   4.43211012E-02
           1.94000006       4.06580558E-03  0.124717437      -1.44610461E-03   4.36691046E-02
           1.95000005       3.90638271E-03  0.122304700      -1.38925633E-03   4.30247374E-02
           1.96000004       3.61077744E-03  0.119736589      -1.31143921E-03   4.27741967E-02
           1.97000003       3.46919824E-03  0.117432930      -1.25988305E-03   4.21341546E-02
           1.98000002       3.33316810E-03  0.115177952      -1.21035380E-03   4.15020846E-02
           1.99000001       3.07922135E-03  0.112788022      -1.14159007E-03   4.12323959E-02
           2.00000000       2.95848283E-03  0.110633649      -1.09671021E-03   4.06060070E-02
