          0.100000001       1360.68311       1275.45447       280.284088       257.007294    
          0.109999999       1172.48865       1094.93457       261.003448       239.235062    
          0.119999997       929.538391       862.437073       236.556564       216.766556    
          0.129999995       801.171814       740.407898       218.565109       200.132736    
          0.140000001       687.738098       632.818542       200.616638       183.478592    
          0.150000006       542.440613       494.986328       178.343216       162.746704    
          0.159999996       466.427887       423.423370       162.940781       148.387009    
          0.170000002       402.537842       363.483368       149.005646       135.401306    
          0.180000007       346.018555       310.655914       135.496338       122.829315    
          0.189999998       298.721832       266.753784       123.391182       111.595245    
          0.200000003       257.006683       228.157761       112.105408       101.133034    
          0.209999993       222.124756       196.024857       101.732979       91.5154190    
          0.219999999       191.346603       167.803040       92.1172180       82.6130524    
          0.230000004       165.766068       144.457626       83.4855270       74.6268845    
          0.239999995       141.767578       122.648888       75.1273956       66.9023209    
          0.250000000       123.209106       105.887756       68.0308533       60.3412476    
          0.259999990       105.616249       90.0898361       61.0509453       53.9140739    
          0.270000011       91.1989822       77.2494965       54.9602547       48.3513756    
          0.280000001       78.4648819       65.9552383       49.2843628       43.1548347    
          0.289999992       68.0827713       56.8100014       44.3642998       38.6597176    
          0.300000012       58.8807182       48.7538567       39.7853394       34.4847679    
          0.310000002       50.7805367       41.7115211       35.5959663       30.6794968    
          0.319999993       44.1981392       36.0125313       31.9451351       27.3644638    
          0.330000013       37.8785057       30.6096745       28.3911381       24.1536560    
          0.340000004       32.8051910       26.3097019       25.3582687       21.4236298    
          0.349999994       30.8947697       24.7044621       23.9033298       20.1516857    
          0.360000014       26.8906116       21.3452206       21.3650303       17.8803844    
          0.370000005       23.3240814       18.3808537       19.0353851       15.8020830    
          0.379999995       20.2467728       15.8486891       16.9468269       13.9467802    
          0.389999986       17.5975742       13.6767616       15.0633707       12.2724457    
          0.400000006       16.5727749       12.8490114       14.1955690       11.5412378    
          0.409999996       14.2471342       10.9889059       12.5160637       10.0636473    
          0.419999987       12.5839052       9.65367222       11.2144356       8.92558670    
          0.430000007       10.9840555       8.39452171       9.95003510       7.82759666    
          0.439999998       10.3443956       7.88514328       9.37550068       7.35694885    
          0.449999988       9.03129482       6.86322641       8.29794502       6.42851019    
          0.460000008       7.90130377       5.99679327       7.34640360       5.61232901    
          0.469999999       7.44117165       5.61556005       6.92164421       5.25732517    
          0.479999989       6.52319860       4.92033386       6.12086296       4.57761812    
          0.490000010       5.72273779       4.32161474       5.40387535       3.97302318    
          0.500000000       5.38947058       4.06307077       5.09108448       3.72626615    
          0.509999990       4.74982214       3.59419823       4.50312662       3.23937893    
          0.519999981       4.17329741       3.17254329       3.95950317       2.79337525    
          0.529999971       3.93026280       2.98107910       3.73010659       2.62176704    
          0.540000021       3.47020984       2.65102887       3.28644395       2.26235723    
          0.550000012       3.07300067       2.36886168       2.89583588       1.94893265    
          0.560000002       2.89404225       2.22664070       2.72793484       1.82810462    
          0.569999993       2.56675553       1.99737298       2.40001082       1.56800187    
          0.579999983       2.27419162       1.79315090       2.10309672       1.33587849    
          0.589999974       2.14175200       1.68602026       1.98107946       1.25188470    
          0.600000024       1.90061033       1.52060890       1.73289120       1.06094265    
          0.610000014       1.69666004       1.38141918       1.52020454      0.898823082    
          0.620000005       1.59785414       1.29944372       1.43195677      0.841293335    
          0.629999995       1.42296660       1.18409717       1.24809539      0.698974311    
          0.639999986       1.34009945       1.11180544       1.17561972      0.659378290    
          0.649999976       1.19704473       1.01839578       1.02518594      0.543732822    
          0.660000026       1.07233810      0.933595896      0.894832611      0.450141430    
          0.670000017       1.00988996      0.879143536      0.842847824      0.420278460    
          0.680000007      0.905217171      0.809309483      0.732542992      0.342859268    
          0.689999998      0.852501452      0.762632549      0.689975321      0.319932550    
          0.699999988      0.765491664      0.702658415      0.598600864      0.255521297    
          0.709999979      0.720912457      0.659671187      0.563807905      0.243458271    
          0.720000029      0.648454428      0.610497177      0.488254428      0.193592548    
          0.730000019      0.584255755      0.565770686      0.422059298      0.149555087    
          0.740000010      0.550231278      0.533732235      0.397519797      0.138815105    
          0.750000000      0.496412843      0.501702487      0.342489123      0.108887255    
          0.759999990      0.467504114      0.473534793      0.322572351      0.100831710    
          0.769999981      0.422461718      0.442321748      0.277471989       7.36367926E-02
          0.779999971      0.397859424      0.417679995      0.261333108       6.78771734E-02
          0.790000021      0.360003322      0.391106218      0.224167630       4.64622565E-02
          0.800000012      0.339038372      0.369040489      0.211127028       4.20497246E-02
          0.810000002      0.307248205      0.345884889      0.181255266       2.59291530E-02
          0.819999993      0.289355487      0.326908231      0.170709416       2.33362708E-02
          0.829999983      0.262431175      0.307256132      0.145673200       1.04744239E-02
          0.839999974      0.247148395      0.288711876      0.137196407       7.12295389E-03
          0.850000024      0.225342467      0.272688657      0.117192768      -2.40715337E-03
          0.860000014      0.212219596      0.257938892      0.110372365      -3.07810307E-03
          0.870000005      0.192846656      0.243185267       9.35102403E-02  -1.04253488E-02
          0.879999995      0.181616113      0.228788629       8.80673602E-02  -1.18511217E-02
          0.889999986      0.165163383      0.215979412       7.42984265E-02  -1.71763003E-02
          0.899999976      0.155544981      0.204470471       6.99733049E-02  -1.67702045E-02
          0.910000026      0.141547829      0.193255290       5.87249398E-02  -2.05970015E-02
          0.920000017      0.133304611      0.183039084       5.53059727E-02  -1.98950861E-02
          0.930000007      0.121929705      0.173626840       4.64413613E-02  -2.24750638E-02
          0.939999998      0.114828952      0.164517179       4.37372774E-02  -2.15826035E-02
          0.949999988      0.104605228      0.155741751       3.62850390E-02  -2.33049486E-02
          0.959999979       9.85134467E-02  0.147612616       3.41721326E-02  -2.22482085E-02
          0.970000029       8.97767320E-02  0.139825568       2.81122774E-02  -2.32078228E-02
          0.980000019       8.45485255E-02  0.132581100       2.64751222E-02  -2.20926013E-02
          0.990000010       7.74162486E-02  0.125807524       2.18308438E-02  -2.26020869E-02
           1.00000000       7.29078725E-02  0.119302958       2.05593985E-02  -2.14108173E-02
           1.00999999       6.64545074E-02  0.113025330       1.66602340E-02  -2.14849617E-02
           1.01999998       6.25845119E-02  0.107152231       1.56898666E-02  -2.04090085E-02
           1.02999997       5.73302805E-02  0.101860069       1.26355393E-02  -2.02133358E-02
           1.03999996       5.39916269E-02   9.67199504E-02   1.18995234E-02  -1.91838983E-02
           1.04999995       4.92119826E-02   9.16434303E-02   9.38346237E-03  -1.87892970E-02
           1.05999994       4.63461019E-02   8.70444477E-02   8.83683283E-03  -1.78063419E-02
           1.07000005       4.36471254E-02   8.26850608E-02   8.32203310E-03  -1.68720093E-02
           1.08000004       3.99834365E-02   7.86602721E-02   6.47441298E-03  -1.63513571E-02
           1.09000003       3.76549661E-02   7.47483373E-02   6.09719986E-03  -1.54758049E-02
           1.10000002       3.45448889E-02   7.13537112E-02   4.47940314E-03  -1.49769085E-02
           1.11000001       3.25331688E-02   6.78294972E-02   4.21843072E-03  -1.41589195E-02
           1.12000000       2.98014972E-02   6.45514503E-02   3.05447355E-03  -1.35086924E-02
           1.13000000       2.80660018E-02   6.13849573E-02   2.87650269E-03  -1.27576841E-02
           1.13999999       2.55648792E-02   5.82747795E-02   1.93962827E-03  -1.20352162E-02
           1.14999998       2.40760911E-02   5.54368384E-02   1.82659796E-03  -1.13537116E-02
           1.15999997       2.26740148E-02   5.27427681E-02   1.72016397E-03  -1.07085882E-02
           1.16999996       2.07580272E-02   5.02113104E-02   1.04684138E-03  -1.00706965E-02
           1.17999995       1.95491780E-02   4.77875285E-02   9.85840918E-04  -9.48816072E-03
           1.19000006       1.79025270E-02   4.55410480E-02   4.39257681E-04  -8.88207834E-03
           1.20000005       1.68599579E-02   4.33571935E-02   4.13654983E-04  -8.35863780E-03
           1.21000004       1.49410367E-02   3.92313749E-02   1.01216941E-03  -7.13706017E-03
           1.22000003       1.40709383E-02   3.73688079E-02   9.53176990E-04  -6.71119243E-03
           1.23000002       1.32515095E-02   3.55985649E-02   8.97623599E-04  -6.30875910E-03
           1.24000001       1.25043718E-02   3.56339253E-02  -2.67288327E-04  -6.31413376E-03
           1.25000000       1.17761781E-02   3.39510441E-02  -2.51710415E-04  -5.92471147E-03
           1.25999999       1.08292438E-02   3.24133746E-02  -4.71232459E-04  -5.46510285E-03
           1.26999998       1.01985997E-02   3.08917072E-02  -4.43765282E-04  -5.12054795E-03
           1.27999997       9.60467849E-03   2.94444915E-02  -4.17900592E-04  -4.79577994E-03
           1.28999996       8.76824092E-03   2.80207787E-02  -5.59362874E-04  -4.34990227E-03
           1.29999995       8.25761631E-03   2.67165694E-02  -5.26757911E-04  -4.06643376E-03
           1.30999994       7.55619397E-03   2.55157351E-02  -6.63913146E-04  -3.67768109E-03
           1.32000005       7.11615430E-03   2.43353117E-02  -6.25213317E-04  -3.43047944E-03
           1.33000004       6.70174276E-03   2.32118368E-02  -5.88766590E-04  -3.19795683E-03
           1.34000003       6.15279516E-03   2.21574511E-02  -6.59558631E-04  -2.87467497E-03
           1.35000002       5.79448650E-03   2.11404264E-02  -6.21109910E-04  -2.67298403E-03
           1.36000001       5.29156066E-03   2.01699920E-02  -6.78751327E-04  -2.36043334E-03
           1.37000000       4.98340419E-03   1.92497764E-02  -6.39180013E-04  -2.18737498E-03
           1.38000000       4.69319429E-03   1.83733311E-02  -6.01917796E-04  -2.02501682E-03
           1.38999999       4.29854868E-03   1.75181385E-02  -6.21491752E-04  -1.77174562E-03
           1.39999998       4.04821848E-03   1.67251546E-02  -5.85258647E-04  -1.63320696E-03
           1.40999997       3.70774209E-03   1.59564782E-02  -5.97206119E-04  -1.40837207E-03
           1.41999996       3.49182077E-03   1.52382851E-02  -5.62387810E-04  -1.29094347E-03
           1.42999995       3.28847580E-03   1.45537825E-02  -5.29599085E-04  -1.18113810E-03
           1.44000006       2.97750602E-03   1.38104288E-02  -5.14590822E-04  -9.67841595E-04
           1.45000005       2.80410796E-03   1.31941540E-02  -4.84586839E-04  -8.77066806E-04
           1.46000004       2.64080870E-03   1.26065360E-02  -4.56332375E-04  -7.92411447E-04
           1.47000003       2.41809455E-03   1.20457411E-02  -4.58689727E-04  -6.37191057E-04
           1.48000002       2.27727671E-03   1.15121463E-02  -4.31944762E-04  -5.67012758E-04
           1.49000001       2.07871501E-03   1.09780179E-02  -4.22913727E-04  -4.27711755E-04
           1.50000000       1.95765914E-03   1.04944408E-02  -3.98254022E-04  -3.70450929E-04
           1.50999999       1.84365467E-03   1.00330794E-02  -3.75031814E-04  -3.17384809E-04
           1.51999998       1.68259256E-03   9.57443472E-03  -3.65712680E-04  -2.02889249E-04
           1.52999997       1.58460531E-03   9.15578846E-03  -3.44387401E-04  -1.60427764E-04
           1.53999996       1.49232429E-03   8.75621662E-03  -3.24305292E-04  -1.21284276E-04
           1.54999995       1.36172271E-03   8.36168136E-03  -3.15086916E-04  -2.76385490E-05
           1.55999994       1.28242292E-03   7.99870770E-03  -2.96713086E-04   2.85108877E-06
           1.57000005       1.17691827E-03   7.64683867E-03  -2.86816852E-04   7.48019665E-05
           1.58000004       1.10837969E-03   7.31650786E-03  -2.70090386E-04   9.82455313E-05
           1.59000003       1.04383298E-03   7.00102560E-03  -2.54339917E-04   1.19510107E-04
           1.60000002       9.48766072E-04   6.67703710E-03  -2.41808244E-04   1.86094388E-04
           1.61000001       8.93513614E-04   6.39068335E-03  -2.27706783E-04   2.01212868E-04
           1.62000000       8.41479108E-04   6.11711480E-03  -2.14427171E-04   2.14679167E-04
           1.63000000       7.64538709E-04   5.81221050E-03  -2.03512376E-04   2.55277700E-04
           1.63999999       7.20015785E-04   5.56453457E-03  -1.91643878E-04   2.64239497E-04
           1.64999998       6.78085082E-04   5.32784360E-03  -1.80467105E-04   2.71957979E-04
           1.65999997       6.22022955E-04   5.10150893E-03  -1.73364300E-04   3.08183633E-04
           1.66999996       5.85799513E-04   4.88546304E-03  -1.63253586E-04   3.12308781E-04
           1.67999995       5.51685516E-04   4.67893435E-03  -1.53732486E-04   3.15511279E-04
           1.69000006       4.96911991E-04   4.45048138E-03  -1.41287790E-04   3.49286012E-04
           1.70000005       4.67974023E-04   4.21304023E-03  -1.33047448E-04   3.48909613E-04
           1.71000004       4.25526290E-04   4.01954399E-03  -1.23896345E-04   3.71715985E-04
           1.72000003       4.00745572E-04   3.85134853E-03  -1.16670468E-04   3.69282439E-04
           1.73000002       3.77408374E-04   3.69047304E-03  -1.09865658E-04   3.66384775E-04
           1.74000001       3.44470347E-04   3.53059079E-03  -1.03699451E-04   3.83524224E-04
           1.75000000       3.24409833E-04   3.38377617E-03  -9.76511146E-05   3.78860161E-04
           1.75999999       3.05517839E-04   3.24329059E-03  -9.19555532E-05   3.73900257E-04
           1.76999998       2.77550280E-04   3.09769064E-03  -8.55081671E-05   3.86309810E-04
           1.77999997       2.61386973E-04   2.96970061E-03  -8.05207310E-05   3.80019192E-04
           1.78999996       2.46164855E-04   2.84719537E-03  -7.58240712E-05   3.73570248E-04
           1.79999995       2.23093186E-04   2.72571226E-03  -7.14234266E-05   3.85532476E-04
           1.80999994       2.10101323E-04   2.61376682E-03  -6.72574897E-05   3.77968739E-04
           1.82000005       1.97865869E-04   2.50658463E-03  -6.33344243E-05   3.70358728E-04
           1.83000004       1.70576081E-04   2.34379712E-03  -5.01642535E-05   3.73438001E-04
           1.84000003       1.60642550E-04   2.24858057E-03  -4.72382526E-05   3.65180429E-04
           1.85000002       1.51287546E-04   2.15737429E-03  -4.44828293E-05   3.56964214E-04
           1.86000001       1.45165061E-04   2.11326312E-03  -4.90029342E-05   3.62874795E-04
           1.87000000       1.36711271E-04   2.02747132E-03  -4.61445125E-05   3.54187941E-04
           1.88000000       1.28749874E-04   1.94528385E-03  -4.34528483E-05   3.45593930E-04
           1.88999999       1.16733492E-04   1.86153816E-03  -4.02734477E-05   3.46994348E-04
           1.89999998       1.09935434E-04   1.78639463E-03  -3.79241646E-05   3.38140031E-04
           1.90999997       1.03533210E-04   1.71439780E-03  -3.57119243E-05   3.29425879E-04
           1.91999996       9.75039802E-05   1.64539681E-03  -3.36287594E-05   3.20852414E-04
           1.92999995       8.98761573E-05   1.58140017E-03  -3.19700448E-05   3.19341983E-04
           1.94000006       8.46420517E-05   1.51794963E-03  -3.01050459E-05   3.10742995E-04
           1.95000005       7.97128450E-05   1.45713205E-03  -2.83488826E-05   3.02311120E-04
           1.96000004       7.22217956E-05   1.39566604E-03  -2.62310496E-05   3.01102089E-04
           1.97000003       6.80159646E-05   1.33996957E-03  -2.47008484E-05   2.92670535E-04
           1.98000002       6.40550352E-05   1.28656963E-03  -2.32599268E-05   2.84424284E-04
           1.99000001       5.80030610E-05   1.23278087E-03  -2.15040545E-05   2.82463763E-04
           2.00000000       5.46251977E-05   1.18384091E-03  -2.02495721E-05   2.74295831E-04
