          0.100000001       845.600403       782.431396       174.183395       152.088745    
          0.109999999       731.522766       673.438904       162.841675       142.034744    
          0.119999997       582.397034       531.569824       148.213181       129.441818    
          0.129999995       504.233734       457.692139       137.558395       120.052818    
          0.140000001       434.915863       392.361298       126.867149       110.537598    
          0.150000006       344.771881       307.579956       113.353874       98.4953613    
          0.159999996       298.046051       263.947479       104.118721       90.1839523    
          0.170000002       258.670135       227.331497       95.7507858       82.6064377    
          0.180000007       223.666748       194.957458       87.5849838       75.2904434    
          0.189999998       194.291092       168.030960       80.2546310       68.7791519    
          0.200000003       168.242523       144.263992       73.3867874       62.6646461    
          0.209999993       146.391373       124.434731       67.0471420       57.0074654    
          0.219999999       126.995422       106.951454       61.1375694       51.7561340    
          0.230000004       110.823845       92.4683151       55.8147240       46.9955254    
          0.239999995       95.5006943       78.8292465       50.6090088       42.3799057    
          0.250000000       83.6538315       68.3491211       46.1901054       38.4484367    
          0.259999990       72.2951508       58.4396858       41.7898560       34.6094093    
          0.270000011       62.9542503       50.3280067       37.9388237       31.2203846    
          0.280000001       54.6372490       43.1792908       34.3180504       28.0535831    
          0.289999992       47.8355408       37.3827400       31.1707325       25.3022060    
          0.300000012       41.7549553       32.2395592       28.2135677       22.7156200    
          0.310000002       36.3559456       27.7323818       25.4846592       20.3477707    
          0.319999993       31.9555969       24.0764217       23.0965786       18.2639408    
          0.330000013       27.6644516       20.5886154       20.7353840       16.2426968    
          0.340000004       24.2091618       17.8128662       18.7135792       14.5163813    
          0.349999994       23.0436764       16.8674488       17.8289280       13.7732620    
          0.360000014       20.2777061       14.6789522       16.1109695       12.3160553    
          0.370000005       17.7866993       12.7381849       14.5161867       10.9705801    
          0.379999995       15.6185579       11.0759459       13.0729475       9.76027966    
          0.389999986       13.7358017       9.63742924       11.7577286       8.65176868    
          0.400000006       13.0928421       9.14544296       11.2147989       8.21886158    
          0.409999996       11.3952894       7.91264725       10.0107279       7.23280859    
          0.419999987       10.1928177       7.03446150       9.08356285       6.47659492    
          0.430000007       9.01246929       6.19519567       8.16405010       5.72951365    
          0.439999998       8.60023689       5.88668871       7.79470634       5.44553995    
          0.449999988       7.61028147       5.19399595       6.99231958       4.80788708    
          0.460000008       6.75020361       4.61032915       6.27614450       4.23470449    
          0.469999999       6.44685698       4.37304068       5.99675131       4.01421833    
          0.479999989       5.73294401       3.89612126       5.37935019       3.52368855    
          0.490000010       5.10332251       3.49179435       4.81897306       3.08882117    
          0.500000000       4.87807798       3.32972980       4.60800505       2.94100070    
          0.509999990       4.36470795       3.01439691       4.13801432       2.57808280    
          0.519999981       3.89452100       2.72386813       3.69500828       2.24421597    
          0.529999971       3.72575951       2.59981871       3.53601813       2.13565803    
          0.540000021       3.34263682       2.37384534       3.16562629       1.86223471    
          0.550000012       3.00855255       2.18104911       2.83510327       1.62169898    
          0.560000002       2.88059974       2.08567548       2.71526408       1.54386711    
          0.569999993       2.59817004       1.92868865       2.42938447       1.33337080    
          0.579999983       2.34172797       1.78837109       2.16555238       1.14663029    
          0.589999974       2.24401975       1.71364534       2.07567501       1.09187925    
          0.600000024       2.02684307       1.60251009       1.84798443      0.937356532    
          0.610000014       1.84210014       1.50798285       1.65051854      0.802386343    
          0.620000005       1.76672280       1.44799960       1.58329260      0.764321029    
          0.629999995       1.60273015       1.36679447       1.40576744      0.646131575    
          0.639999986       1.53800833       1.31404829       1.34923792      0.615576625    
          0.649999976       1.40026295       1.24666560       1.19922841      0.518577158    
          0.660000026       1.27888179       1.17790890       1.06718695      0.426726133    
          0.670000017       1.22826922       1.13215125       1.02510583      0.404086679    
          0.680000007       1.12309039       1.08324373      0.908856094      0.333217412    
          0.689999998       1.07924771       1.04446995      0.873493195      0.317379385    
          0.699999988      0.989126384       1.00345016      0.773479283      0.258459568    
          0.709999979      0.951045811      0.968558013      0.743789434      0.246191099    
          0.720000029      0.873629272      0.933842659      0.657800078      0.197405815    
          0.730000019      0.804083347      0.902512074      0.580860078      0.155283928    
          0.740000010      0.773776472      0.872578919      0.559022129      0.147835374    
          0.750000000      0.713521004      0.845999181      0.492278218      0.112803183    
          0.759999990      0.687012374      0.818686247      0.474030495      0.107362509    
          0.769999981      0.634897351      0.795312643      0.416999340       7.89599046E-02
          0.779999971      0.611651838      0.770294428      0.401762217       7.51132965E-02
          0.790000021      0.566319168      0.749800980      0.352636784       5.19639663E-02
          0.800000012      0.545890033      0.726798296      0.339938313       4.93848734E-02
          0.810000002      0.506487727      0.707520664      0.298792839       3.14401798E-02
          0.819999993      0.488490790      0.686330080      0.288192123       2.98275556E-02
          0.829999983      0.453843921      0.669816256      0.251924723       1.48950024E-02
          0.839999974      0.437962562      0.650215805      0.243120715       1.40567617E-02
          0.850000024      0.409290701      0.636764586      0.212857798       2.33407808E-03
          0.860000014      0.395189762      0.618533015      0.205532506       2.07944703E-03
          0.870000005      0.368286014      0.608511865      0.178579763      -3.50701809E-03
          0.879999995      0.355796665      0.591468751      0.172529146      -3.40890884E-03
          0.889999986      0.332014829      0.577000201      0.149356231      -1.23165054E-02
          0.899999976      0.320935339      0.561160386      0.144375607      -1.18486881E-02
          0.910000026      0.299849719      0.549102485      0.124400757      -1.75816622E-02
          0.920000017      0.290006042      0.534328341      0.120318912      -1.68685913E-02
          0.930000007      0.272491843      0.523995578      0.103788435      -2.11102571E-02
          0.939999998      0.263693839      0.510160863      0.100438528      -2.02341881E-02
          0.949999988      0.246903494      0.499428421       8.56448933E-02  -2.32208967E-02
          0.959999979      0.239065528      0.486488789       8.29265490E-02  -2.22405586E-02
          0.970000029      0.224054813      0.476428032       7.01594949E-02  -2.42408905E-02
          0.980000019      0.217063591      0.464309096       6.79702535E-02  -2.32048240E-02
          0.990000010      0.204514921      0.455158800       5.76717854E-02  -2.43670736E-02
           1.00000000      0.198244497      0.443781286       5.59032671E-02  -2.33179927E-02
           1.00999999      0.186040118      0.434322953       4.66405153E-02  -2.37180386E-02
           1.01999998      0.180437103      0.423655480       4.52353843E-02  -2.26850715E-02
           1.02999997      0.170271397      0.415038019       3.75276506E-02  -2.32222080E-02
           1.03999996      0.165235862      0.405155301       3.64172645E-02  -2.22083125E-02
           1.04999995      0.155235305      0.396120787       2.95993984E-02  -2.11885776E-02
           1.05999994      0.150728777      0.386247426       2.87395120E-02  -2.07100902E-02
           1.07000005      0.146393999      0.377138823       2.79123876E-02  -1.98016167E-02
           1.08000004      0.138342038      0.369618028       2.24013682E-02  -1.85959730E-02
           1.09000003      0.134438813      0.361042053       2.17687245E-02  -1.77589264E-02
           1.10000002      0.127302185      0.355011940       1.65071636E-02  -1.69402361E-02
           1.11000001      0.123779774      0.346905947       1.60499606E-02  -1.61657929E-02
           1.12000000      0.117099367      0.340192944       1.20019810E-02  -1.51174664E-02
           1.13000000      0.113923013      0.332359940       1.16760386E-02  -1.40353246E-02
           1.13999999      0.107228667      0.325235993       8.13551247E-03  -1.25919981E-02
           1.14999998      0.104378484      0.317558229       7.91895390E-03  -1.21132135E-02
           1.15999997      0.101632498      0.310589820       7.71034276E-03  -1.15305781E-02
           1.16999996       9.62257683E-02  0.304540724       4.85273218E-03  -1.02819400E-02
           1.17999995       9.37467813E-02  0.295435995       4.72753262E-03  -6.11631060E-03
           1.19000006       8.88355374E-02  0.289905965       2.17966735E-03  -4.93361568E-03
           1.20000005       8.65953937E-02  0.283555686       2.12459755E-03  -4.76455688E-03
           1.21000004       7.94522688E-02  0.265445501       5.38243353E-03  -1.26544631E-03
           1.22000003       7.74921030E-02  0.259916097       5.24938619E-03  -1.02907419E-03
           1.23000002       7.56014735E-02  0.254235744       5.12105739E-03  -1.12130248E-03
           1.24000001       7.39229918E-02  0.260608345      -1.58014894E-03  -2.11316347E-03
           1.25000000       7.21598268E-02  0.255294710      -1.54238439E-03  -1.88893080E-03
           1.25999999       6.87994063E-02  0.250779718      -2.99380231E-03  -8.51571560E-04
           1.26999998       6.71960637E-02  0.245752439      -2.92385626E-03  -6.80585683E-04
           1.27999997       6.56485111E-02  0.240866363      -2.85637379E-03  -5.27977943E-04
           1.28999996       6.21891357E-02  0.235916734      -3.96730239E-03   7.37249851E-04
           1.29999995       6.07909113E-02  0.231309310      -3.87788564E-03   8.35776329E-04
           1.30999994       5.77551462E-02  0.227279782      -5.07456297E-03   1.98683143E-03
           1.32000005       5.64881749E-02  0.222920582      -4.96295327E-03   2.03680992E-03
           1.33000004       5.52645214E-02  0.218683019      -4.85514337E-03   2.07336736E-03
           1.34000003       5.27229272E-02  0.214749873      -5.65171754E-03   3.03920102E-03
           1.35000002       5.16097695E-02  0.210744366      -5.53204119E-03   3.03419423E-03
           1.36000001       4.90018427E-02  0.206852615      -6.28548861E-03   4.15503979E-03
           1.37000000       4.79940772E-02  0.203069642      -6.15580892E-03   4.10816073E-03
           1.38000000       4.70201969E-02  0.199392200      -6.03049481E-03   4.05170536E-03
           1.38999999       4.48140018E-02  0.195579126      -6.47929078E-03   4.97424603E-03
           1.39999998       4.39292528E-02  0.192110553      -6.35093683E-03   4.88289213E-03
           1.40999997       4.18908447E-02  0.188544795      -6.74735755E-03   5.76491142E-03
           1.41999996       4.10868041E-02  0.185272977      -6.61737984E-03   5.64169884E-03
           1.42999995       4.03094850E-02  0.182093248      -6.49172068E-03   5.51200891E-03
           1.44000006       3.80320996E-02  0.177765250      -6.57293946E-03   6.58751512E-03
           1.45000005       3.73334847E-02  0.174782291      -6.45171851E-03   6.42545009E-03
           1.46000004       3.66579480E-02  0.171887681      -6.33450365E-03   6.25877595E-03
           1.47000003       3.50068845E-02  0.168965578      -6.64047664E-03   7.01914215E-03
           1.48000002       3.43927033E-02  0.166236952      -6.52346900E-03   6.82848692E-03
           1.49000001       3.27595510E-02  0.163088784      -6.66491454E-03   7.58989668E-03
           1.50000000       3.22028250E-02  0.160524607      -6.55114418E-03   7.37701869E-03
           1.50999999       3.16644385E-02  0.158035710      -6.44110283E-03   7.16142869E-03
           1.51999998       3.01806182E-02  0.155170485      -6.55977940E-03   7.87143875E-03
           1.52999997       2.96926498E-02  0.152833998      -6.45320117E-03   7.63666630E-03
           1.53999996       2.92207953E-02  0.150567815      -6.35013217E-03   7.40001583E-03
           1.54999995       2.78701261E-02  0.147964224      -6.44882163E-03   8.06465745E-03
           1.55999994       2.74425671E-02  0.145840153      -6.34936243E-03   7.81150674E-03
           1.57000005       2.63393316E-02  0.143532440      -6.41893363E-03   8.29635095E-03
           1.58000004       2.59497892E-02  0.141542241      -6.32345164E-03   8.03055335E-03
           1.59000003       2.55731642E-02  0.139615476      -6.23114780E-03   7.76410103E-03
           1.60000002       2.43300069E-02  0.137053654      -6.20089239E-03   8.38404894E-03
           1.61000001       2.39903126E-02  0.135259271      -6.11379230E-03   8.10468197E-03
           1.62000000       2.36619953E-02  0.133325145      -6.02958864E-03   7.83796143E-03
           1.63000000       2.25217361E-02  0.130289748      -5.99505613E-03   8.06132983E-03
           1.63999999       2.22259816E-02  0.128694043      -5.91580430E-03   7.77628040E-03
           1.64999998       2.19402257E-02  0.127121970      -5.83922258E-03   7.55052781E-03
           1.65999997       2.11019665E-02  0.125420853      -5.88133698E-03   8.02217890E-03
           1.66999996       2.08423417E-02  0.123992302      -5.80845028E-03   7.73290312E-03
           1.67999995       2.05916651E-02  0.122584499      -5.73806465E-03   7.51111424E-03
           1.69000006       1.94627400E-02  0.119948693      -5.53387264E-03   8.09232425E-03
           1.70000005       1.92394312E-02  0.117661767      -5.46986982E-03   7.81591237E-03
           1.71000004       1.83681175E-02  0.115629733      -5.34806773E-03   8.12711287E-03
           1.72000003       1.81675274E-02  0.114493966      -5.28917788E-03   7.82483816E-03
           1.73000002       1.79741848E-02  0.113337122      -5.23238117E-03   7.45184720E-03
           1.74000001       1.72394067E-02  0.111771919      -5.18975407E-03   7.75841391E-03
           1.75000000       1.70654822E-02  0.110757053      -5.13690710E-03   7.41862273E-03
           1.75999999       1.68980416E-02  0.109626673      -5.08601731E-03   6.91479957E-03
           1.76999998       1.61450170E-02  0.107916377      -4.97398572E-03   7.13721896E-03
           1.77999997       1.59955565E-02  0.107035130      -4.92745964E-03   6.77556312E-03
           1.78999996       1.58519298E-02  0.106135882      -4.88273427E-03   6.68335939E-03
           1.79999995       1.51218222E-02  0.104857236      -4.84126201E-03   7.26137543E-03
           1.80999994       1.49944201E-02  0.104140915      -4.80000302E-03   6.99454546E-03
           1.82000005       1.48722632E-02  0.103498571      -4.76042740E-03   6.67476142E-03
           1.83000004       1.35067552E-02   9.92269814E-02  -3.97216342E-03   7.08115101E-03
           1.84000003       1.34042380E-02   9.87030864E-02  -3.94162489E-03   6.76138699E-03
           1.85000002       1.33062126E-02   9.82260033E-02  -3.91240558E-03   6.44130027E-03
           1.86000001       1.34618608E-02  0.100408055      -4.54428000E-03   6.63343072E-03
           1.87000000       1.33708986E-02  0.100010373      -4.51311516E-03   6.30488014E-03
           1.88000000       1.32842651E-02   9.96612534E-02  -4.48341481E-03   5.97538054E-03
           1.88999999       1.27099045E-02   9.87477079E-02  -4.38495912E-03   6.26799976E-03
           1.89999998       1.26346340E-02   9.84988809E-02  -4.35854075E-03   5.93411922E-03
           1.90999997       1.25633255E-02   9.83000696E-02  -4.33349237E-03   5.59867406E-03
           1.91999996       1.24959080E-02   9.81516615E-02  -4.30979254E-03   5.26136160E-03
           1.92999995       1.21683711E-02   9.80516300E-02  -4.32843762E-03   5.40299201E-03
           1.94000006       1.21098692E-02   9.80058536E-02  -4.30717552E-03   5.05962968E-03
           1.95000005       1.20550171E-02   9.80128646E-02  -4.28721355E-03   4.71357489E-03
           1.96000004       1.15482314E-02   9.74856392E-02  -4.19433229E-03   4.98800958E-03
           1.97000003       1.15023563E-02   9.76011157E-02  -4.17722436E-03   4.63559711E-03
           1.98000002       1.14598796E-02   9.77723002E-02  -4.16135835E-03   4.27957391E-03
           1.99000001       1.09812059E-02   9.74219069E-02  -4.07117093E-03   4.54664230E-03
           2.00000000       1.09467795E-02   9.77071524E-02  -4.05797223E-03   4.18317318E-03
