          0.100000001       1997.42578       1859.09766       411.445404       346.129395    
          0.109999999       1791.40576       1660.82556       398.778320       336.175690    
          0.119999997       1478.17029       1360.86194       376.176910       318.855316    
          0.129999995       1326.03394       1215.57361       361.751007       307.025269    
          0.140000001       1184.74207       1081.07141       345.595215       293.556671    
          0.150000006       972.578430       879.882996       319.763641       272.190796    
          0.159999996       870.419617       783.241516       304.070221       258.688324    
          0.170000002       781.848633       699.679199       289.413513       245.922058    
          0.180000007       699.499084       622.304871       273.914703       232.537659    
          0.189999998       628.530823       556.138367       259.623322       220.315628    
          0.200000003       562.827942       495.037018       245.503555       208.136673    
          0.209999993       506.290924       442.644440       231.880920       196.283066    
          0.219999999       453.937103       394.357697       218.532349       184.693161    
          0.230000004       409.300629       353.349213       206.137985       173.876022    
          0.239999995       364.330444       312.194672       193.070877       162.453506    
          0.250000000       329.558868       280.504730       181.968460       152.687317    
          0.259999990       294.030731       248.383713       169.962997       142.229126    
          0.270000011       264.255341       221.590088       159.251144       132.862061    
          0.280000001       236.636093       196.608826       148.632858       123.481201    
          0.289999992       213.704941       176.263062       139.255035       115.303261    
          0.300000012       192.363297       157.432434       129.978714       107.202415    
          0.310000002       172.670517       140.213867       121.037964       99.4382248    
          0.319999993       156.421585       126.066399       113.056984       92.4681015    
          0.330000013       139.526733       111.511070       104.579712       85.1134567    
          0.340000004       125.770500       99.8124771       97.2200546       78.6600647    
          0.349999994       123.280113       97.6478653       95.3820190       77.1603546    
          0.360000014       111.681335       87.8292465       88.7326431       71.4025879    
          0.370000005       100.822212       78.7535477       82.2836151       65.7877884    
          0.379999995       91.0917892       70.6786270       76.2450790       60.5946465    
          0.389999986       82.4039307       63.4910126       70.5370560       55.6687622    
          0.400000006       80.7722244       62.1383476       69.1862259       54.5287743    
          0.409999996       72.2713547       55.2976646       63.4901695       49.6810417    
          0.419999987       66.4394302       50.6095085       59.2090187       46.0379066    
          0.430000007       60.3593903       45.7960320       54.6772614       42.1873207    
          0.439999998       59.1642265       44.8241577       53.6226845       41.3184624    
          0.449999988       53.7620392       40.6044960       49.3965149       37.7499809    
          0.460000008       48.9549294       36.9066315       45.5168800       34.4755821    
          0.469999999       47.9855652       36.1197052       44.6353149       33.7549477    
          0.479999989       43.7826118       32.9370766       41.0822067       30.7760792    
          0.490000010       39.9776001       30.1100101       37.7501106       28.0015869    
          0.500000000       39.1859856       29.4761143       37.0164680       27.4179916    
          0.509999990       35.9446220       27.1163330       34.0777321       24.9750500    
          0.519999981       32.8705902       24.9049473       31.1866608       22.6008759    
          0.529999971       32.2197075       24.3742886       30.5788555       22.1170731    
          0.540000021       29.6092739       22.5422459       28.0413055       20.0431919    
          0.550000012       27.2901707       20.9385090       25.7168369       18.1518879    
          0.560000002       26.7497921       20.5012341       25.2144527       17.7655506    
          0.569999993       24.6928768       19.1127548       23.0887470       16.0500145    
          0.579999983       22.7712021       17.8365383       21.0580521       14.4328384    
          0.589999974       22.3202915       17.4685001       20.6458378       14.1238089    
          0.600000024       20.6155853       16.3773022       18.7963657       12.6772041    
          0.610000014       19.1544266       15.4519501       17.1623344       11.3889112    
          0.620000005       18.7751465       15.1373091       16.8258152       11.1432028    
          0.629999995       17.4025345       14.2807150       15.2639017       9.92293072    
          0.639999986       17.0579395       13.9922781       14.9643011       9.70767498    
          0.649999976       15.8588533       13.2546015       13.5820122       8.63840580    
          0.660000026       14.7864866       12.5972929       12.3388605       7.68815756    
          0.670000017       14.4936981       12.3290710       12.0963488       7.50240755    
          0.680000007       13.5216436       11.7555847       10.9423323       6.63074255    
          0.689999998       13.2539024       11.5240784       10.7270966       6.48529196    
          0.699999988       12.3868408       11.0232363       9.68628979       5.70932531    
          0.709999979       12.1415644       10.8081360       9.49561787       5.58345461    
          0.720000029       11.3669319       10.3699951       8.55874348       4.89295387    
          0.730000019       10.6595449       9.97387886       7.70032501       4.27028227    
          0.740000010       10.4484701       9.78293991       7.54859543       4.17531586    
          0.750000000       9.81120014       9.43498135       6.76902246       3.61852551    
          0.759999990       9.61692619       9.25613689       6.63556671       3.53775406    
          0.769999981       9.04503059       8.94578552       5.94075775       3.05056477    
          0.779999971       8.86592484       8.77801418       5.82356453       2.98212886    
          0.790000021       8.34974003       8.50109863       5.19923353       2.55250955    
          0.800000012       8.18440247       8.34331608       5.09661674       2.49501681    
          0.810000002       7.71967840       8.08629322       4.55407810       2.13065076    
          0.819999993       7.56681967       7.93773079       4.46415329       2.08250880    
          0.829999983       7.14280558       7.71116781       3.96490788       1.75379407    
          0.839999974       7.00136948       7.57097769       3.88658261       1.71407890    
          0.850000024       6.64416075       7.39080191       3.45539641       1.43566263    
          0.860000014       6.51259851       7.25779772       3.38710904       1.40313303    
          0.870000005       6.15960169       7.06813383       2.98675537       1.15279901    
          0.879999995       6.03763342       6.94222593       2.92770505       1.12668288    
          0.889999986       5.71475744       6.76721239       2.57077241      0.910296142    
          0.899999976       5.60159826       6.65844870       2.51992917      0.900311768    
          0.910000026       5.30555487       6.49654341       2.20115256      0.712840378    
          0.920000017       5.20049667       6.38327789       2.15760374      0.697074592    
          0.930000007       4.95085955       6.25146437       1.88571501      0.541859925    
          0.939999998       4.85282469       6.13391304       1.84839571      0.520522118    
          0.949999988       4.60116768       5.99126673       1.59603488      0.384081841    
          0.959999979       4.51005888       5.88868570       1.56443942      0.375911087    
          0.970000029       4.27781630       5.75523376       1.33953571      0.260015488    
          0.980000019       4.19310951       5.65770864       1.31301033      0.254924774    
          0.990000010       3.99607778       5.54327631       1.12686634      0.163617447    
           1.00000000       3.91695023       5.45019388       1.10454667      0.160933182    
           1.00999999       3.71595097       5.32529497      0.931593895       8.25583115E-02
           1.01999998       3.64237094       5.23671961      0.913138211       8.19524154E-02
           1.02999997       3.47274661       5.13442850      0.765389740       1.81627274E-02
           1.03999996       3.40398216       5.05009127      0.750222862       1.88013706E-02
           1.04999995       3.22926354       4.93426275      0.615737915      -3.26496772E-02
           1.05999994       3.16531968       4.85337687      0.603533089      -3.04721203E-02
           1.07000005       3.10264230       4.77427149      0.591569245      -2.79687252E-02
           1.08000004       2.95820355       4.68171883      0.479014248      -6.81022033E-02
           1.09000003       2.89962554       4.60614061      0.469515473      -6.44407272E-02
           1.10000002       2.76869583       4.53169727      0.359014183     -0.102466263    
           1.11000001       2.71387267       4.45917130      0.351895332      -9.77856293E-02
           1.12000000       2.58745646       4.37530136      0.265198559     -0.118234634    
           1.13000000       2.53622150       4.30586338      0.259939045     -0.112955414    
           1.13999999       2.40448570       4.20765162      0.182430103     -0.127668381    
           1.14999998       2.35687327       4.14150333      0.178810596     -0.121910095    
           1.15999997       2.31020451       4.07651377      0.175263718     -0.116262116    
           1.16999996       2.20130324       3.99623394      0.111013092     -0.126068428    
           1.17999995       2.15771508       3.93378043      0.108810902     -0.120008789    
           1.19000006       2.05661035       3.85960317       5.04608154E-02 -0.126327038    
           1.20000005       2.01588702       3.80007720       4.94592190E-02 -0.120119892    
           1.21000004       1.85935366       3.52872849      0.125960514      -5.08904457E-02
           1.22000003       1.82253551       3.47486234      0.123460136      -4.63285446E-02
           1.23000002       1.78644705       3.42196774      0.121009506      -4.18173485E-02
           1.24000001       1.75452042       3.53570580      -3.75039577E-02 -0.103663765    
           1.25000000       1.71977901       3.48219562      -3.67593765E-02  -9.75573882E-02
           1.25999999       1.64603174       3.42302632      -7.16269016E-02  -9.38806534E-02
           1.26999998       1.61343849       3.37163091      -7.02044144E-02  -8.78111497E-02
           1.27999997       1.58148992       3.32110476      -6.88107833E-02  -8.18770751E-02
           1.28999996       1.50268459       3.24998379      -9.58625451E-02  -7.17568398E-02
           1.29999995       1.47292900       3.20170474      -9.39590111E-02  -6.60030022E-02
           1.30999994       1.40282023       3.14495540     -0.123256527      -5.71688004E-02
           1.32000005       1.37504208       3.09862208     -0.120808840      -5.15686683E-02
           1.33000004       1.34781456       3.05305648     -0.118409239      -4.61044312E-02
           1.34000003       1.28791320       2.99845099     -0.138059929      -3.55753899E-02
           1.35000002       1.26241052       2.95472836     -0.135317639      -3.03030014E-02
           1.36000001       1.19989014       2.90021038     -0.153910562      -1.43823624E-02
           1.37000000       1.17613089       2.85823345     -0.150852755      -9.45838261E-03
           1.38000000       1.15284181       2.81696677     -0.147855833      -4.63596964E-03
           1.38999999       1.09899223       2.76089764     -0.158894226       8.53347778E-03
           1.39999998       1.07723069       2.72134519     -0.155737281       1.30534172E-02
           1.40999997       1.02689564       2.66929436     -0.165402010       2.72649135E-02
           1.41999996       1.00656140       2.63137031     -0.162115335       3.14887352E-02
           1.42999995      0.986630380       2.59405875     -0.158893779       3.55974846E-02
           1.44000006      0.929789305       2.52488208     -0.160691977       5.43239899E-02
           1.45000005      0.911378324       2.48906755     -0.157498240       5.80444336E-02
           1.46000004      0.893331826       2.45416999     -0.154367998       6.16259575E-02
           1.47000003      0.851374865       2.41007996     -0.161497831       7.55777359E-02
           1.48000002      0.834516346       2.37655425     -0.158287719       7.88582191E-02
           1.49000001      0.792840779       2.32726383     -0.161303118       9.36468467E-02
           1.50000000      0.777141273       2.29517317     -0.158096746       9.66129303E-02
           1.50999999      0.761752844       2.26342773     -0.154953912       9.97530594E-02
           1.51999998      0.723577499       2.21798301     -0.157270074      0.114411511    
           1.52999997      0.709249675       2.18770218     -0.154143497      0.116950989    
           1.53999996      0.695205510       2.15788770     -0.151078895      0.119398594    
           1.54999995      0.660252810       2.11572456     -0.152774811      0.133621052    
           1.55999994      0.647178948       2.08712173     -0.149737194      0.135752365    
           1.57000005      0.618174851       2.05029321     -0.150650099      0.147629261    
           1.58000004      0.605934441       2.02277684     -0.147654340      0.149484947    
           1.59000003      0.593936086       1.99569261     -0.144718215      0.151277378    
           1.60000002      0.561874509       1.95225680     -0.143202767      0.165305927    
           1.61000001      0.550748527       1.92282450     -0.140355051      0.173790619    
           1.62000000      0.539842963       1.87533331     -0.137563646      0.175095081    
           1.63000000      0.510499418       1.82979906     -0.135889694      0.185763597    
           1.63999999      0.500390708       1.80566120     -0.133187056      0.186792448    
           1.64999998      0.490482420       1.78152514     -0.130538091      0.187701866    
           1.65999997      0.468292952       1.75218093     -0.130518079      0.197919130    
           1.66999996      0.459020108       1.72927284     -0.127922043      0.198657274    
           1.67999995      0.449930906       1.70577276     -0.125377595      0.198407009    
           1.69000006      0.421799421       1.66006756     -0.119930863      0.210815117    
           1.70000005      0.413447261       1.63297021     -0.117545187      0.211845234    
           1.71000004      0.391288280       1.59686911     -0.113927662      0.221564129    
           1.72000003      0.383540064       1.57640123     -0.111661397      0.221730068    
           1.73000002      0.375945657       1.55623496     -0.109439828      0.221854925    
           1.74000001      0.357139081       1.52140009     -0.107513227      0.230446890    
           1.75000000      0.350067258       1.50207174     -0.105374277      0.230358526    
           1.75999999      0.343135446       1.48302424     -0.103277802      0.230234221    
           1.76999998      0.324445963       1.45139158      -9.99558568E-02  0.238734081    
           1.77999997      0.318021417       1.43314230      -9.79671106E-02  0.238411590    
           1.78999996      0.311724275       1.41515684      -9.60177779E-02  0.238058090    
           1.79999995      0.294037253       1.38855898      -9.41362604E-02  0.247699901    
           1.80999994      0.288214892       1.37127674      -9.22631398E-02  0.247145489    
           1.82000005      0.282507867       1.35424137      -9.04272571E-02  0.246564552    
           1.83000004      0.253483504       1.27865613      -7.45462701E-02  0.252066284    
           1.84000003      0.248464152       1.26306641      -7.30628893E-02  0.251276642    
           1.85000002      0.243544236       1.24769616      -7.16089234E-02  0.250466853    
           1.86000001      0.243225321       1.27135122      -8.21048543E-02  0.259074777    
           1.87000000      0.238409117       1.25583255      -8.04708675E-02  0.258154124    
           1.88000000      0.233688250       1.24053144      -7.88693726E-02  0.257214904    
           1.88999999      0.220524684       1.21608615      -7.60817602E-02  0.263723463    
           1.89999998      0.216158032       1.20139003      -7.45675266E-02  0.262638569    
           1.90999997      0.211877838       1.18689883      -7.30834380E-02  0.261539102    
           1.91999996      0.207682326       1.17168367      -7.16288611E-02  0.259501338    
           1.92999995      0.199247673       1.15792859      -7.08748102E-02  0.264945626    
           1.94000006      0.195302173       1.14309669      -6.94640577E-02  0.262763977    
           1.95000005      0.191434935       1.12943423      -6.80814385E-02  0.261549324    
           1.96000004      0.180523232       1.10805118      -6.55662641E-02  0.267110705    
           1.97000003      0.176948667       1.09491301      -6.42611459E-02  0.265773684    
           1.98000002      0.173444808       1.08195388      -6.29819930E-02  0.264428377    
           1.99000001      0.163467318       1.06186998      -6.06038682E-02  0.269594580    
           2.00000000      0.160230473       1.04940069      -5.93974590E-02  0.268137008    
