          0.100000001       926.922668       860.518494       190.934738       173.827316    
          0.109999999       767.402527       708.438293       170.828690       155.097336    
          0.119999997       584.534607       534.720886       148.757141       134.858017    
          0.129999995       484.057281       440.013824       132.054123       119.433250    
          0.140000001       399.229279       360.369019       116.457191       105.004143    
          0.150000006       302.537842       269.784454       99.4681778       89.2438583    
          0.159999996       249.942581       220.971390       87.3143539       77.9753189    
          0.170000002       207.248169       181.574509       76.7161331       68.1363144    
          0.180000007       171.163681       148.479477       67.0254669       59.2208710    
          0.189999998       141.973587       121.966881       58.6441460       51.5623741    
          0.200000003       117.358086       99.7520218       51.1911774       44.7575188    
          0.209999993       97.4526901       81.9208298       44.6332664       38.7807808    
          0.219999999       80.6577072       67.0096436       38.8298721       33.4974289    
          0.230000004       67.1349792       55.0943909       33.8114967       28.9575043    
          0.239999995       55.1643486       44.6401939       29.2334309       24.8315830    
          0.250000000       46.0630302       36.7800713       25.4340534       21.4273319    
          0.259999990       37.9375000       29.8506832       21.9295807       18.3331184    
          0.270000011       31.4743099       24.3902130       18.9677124       15.7024002    
          0.280000001       26.0177555       19.8352680       16.3419399       13.3821287    
          0.289999992       21.6900158       16.2728062       14.1337099       11.4451399    
          0.300000012       18.0228653       13.2943716       12.1779404       9.74022293    
          0.310000002       14.9340057       10.8241348       10.4683867       8.25985241    
          0.319999993       12.4885302       8.88574600       9.02634811       7.01044273    
          0.330000013       10.2832022       7.18528223       7.70758581       5.88985682    
          0.340000004       8.55670071       5.87643623       6.61429167       4.96830416    
          0.349999994       7.74242353       5.25715685       5.99032545       4.46109009    
          0.360000014       6.47472000       4.31295347       5.14427042       3.75063539    
          0.370000005       5.39576530       3.53512740       4.40362358       3.14292598    
          0.379999995       4.50020742       2.90456390       3.76673532       2.62651610    
          0.389999986       3.75800896       2.39057446       3.21682286       2.18256998    
          0.400000006       3.40038562       2.13940120       2.91263318       1.95400858    
          0.409999996       2.80859184       1.75409997       2.46733952       1.60519361    
          0.419999987       2.38344383       1.47684515       2.12406039       1.34300804    
          0.430000007       1.99885035       1.23588371       1.81068182       1.10564172    
          0.439999998       1.80863583       1.10748279       1.63923228      0.986083210    
          0.449999988       1.51713479      0.933975697       1.39394200      0.801496029    
          0.460000008       1.27526748      0.793484867       1.18570673      0.652103961    
          0.469999999       1.15390980      0.709579766       1.07334626      0.573066592    
          0.479999989      0.971894979      0.607651234      0.911950827      0.461438656    
          0.490000010      0.819201469      0.525938332      0.773556888      0.368995667    
          0.500000000      0.741244078      0.474964231      0.700205326      0.326126307    
          0.509999990      0.627654731      0.415990591      0.595055640      0.261200279    
          0.519999981      0.529847562      0.367461115      0.502703965      0.204035163    
          0.529999971      0.479425907      0.333897352      0.455010176      0.179152861    
          0.540000021      0.406709105      0.299916476      0.385171682      0.138221502    
          0.550000012      0.346034169      0.272044271      0.326084614      0.105123751    
          0.560000002      0.313104630      0.249185488      0.295133561       9.14410949E-02
          0.569999993      0.266807079      0.228897050      0.249474451       6.75338283E-02
          0.579999983      0.227126658      0.211498141      0.210039198       4.80573885E-02
          0.589999974      0.205512643      0.194913968      0.190095201       4.07144912E-02
          0.600000024      0.175222769      0.180058420      0.159760252       2.50539482E-02
          0.610000014      0.150286719      0.173454955      0.134656653       1.87084582E-02
          0.620000005      0.135985062      0.161156952      0.121866383       1.53397620E-02
          0.629999995      0.116352819      0.152438238      0.102053992       7.67379999E-03
          0.639999986      0.105280399      0.142148837       9.23585966E-02   5.77315688E-03
          0.649999976       9.03543606E-02  0.135133326       7.73822740E-02   8.53170932E-04
          0.660000026       7.77675509E-02  0.128662199       6.48945943E-02  -2.64295936E-03
          0.670000017       7.03670308E-02  0.120572358       5.87278865E-02  -3.05096805E-03
          0.680000007       6.06004447E-02  0.115428448       4.90406454E-02  -5.22203231E-03
          0.689999998       5.48336096E-02  0.108444713       4.43797894E-02  -5.14575327E-03
          0.699999988       4.73063998E-02  0.104111992       3.69927585E-02  -6.30160188E-03
          0.709999979       4.28046286E-02   9.80257317E-02   3.34764421E-02  -5.93235577E-03
          0.720000029       3.69926468E-02   9.42863524E-02   2.78536528E-02  -6.39986992E-03
          0.730000019       3.20233852E-02   9.07112956E-02   2.31333021E-02  -6.50642812E-03
          0.740000010       2.89759543E-02   8.56416598E-02   2.09339503E-02  -5.88767743E-03
          0.750000000       2.51167566E-02   8.25036466E-02   1.73287559E-02  -5.67990029E-03
          0.759999990       2.27265880E-02   7.80015960E-02   1.56810787E-02  -5.03954804E-03
          0.769999981       1.97317004E-02   7.51442462E-02   1.29597411E-02  -4.63044643E-03
          0.779999971       1.78539753E-02   7.11283162E-02   1.17273470E-02  -4.01397562E-03
          0.790000021       1.55217322E-02   6.85301647E-02   9.66510456E-03  -3.50808096E-03
          0.800000012       1.40446424E-02   6.49331436E-02   8.74592364E-03  -2.94204056E-03
          0.810000002       1.22286677E-02   6.24758489E-02   7.21407123E-03  -2.38905847E-03
          0.819999993       1.10649653E-02   5.92488907E-02   6.52793562E-03  -1.88938284E-03
          0.829999983       9.64189135E-03   5.70450127E-02   5.35212830E-03  -1.35680288E-03
          0.839999974       8.72434024E-03   5.41385598E-02   4.84303385E-03  -9.27726447E-04
          0.850000024       7.64268776E-03   5.19288443E-02   3.97469569E-03  -6.36627301E-05
          0.860000014       6.91538723E-03   4.93120439E-02   3.59659339E-03   2.78425723E-04
          0.870000005       6.03770046E-03   4.74328808E-02   2.92764604E-03   7.12975860E-04
          0.879999995       5.46313450E-03   4.50677685E-02   2.64912541E-03   9.88818705E-04
          0.889999986       4.77342121E-03   4.30363305E-02   2.14731437E-03   1.08016527E-03
          0.899999976       4.31916723E-03   4.09089774E-02   1.94301608E-03   1.30775326E-03
          0.910000026       3.77637590E-03   3.93095501E-02   1.56673137E-03   1.64465606E-03
          0.920000017       3.41700693E-03   3.73825207E-02   1.41766190E-03   1.81627274E-03
          0.930000007       3.00287991E-03   3.59066576E-02   1.14375609E-03   2.07859022E-03
          0.939999998       2.71711964E-03   3.41591686E-02   1.03492534E-03   2.20218045E-03
          0.949999988       2.37814570E-03   3.27861756E-02   8.24921706E-04   2.43172050E-03
          0.959999979       2.15183641E-03   3.12013682E-02   7.46424485E-04   2.51282263E-03
          0.970000029       1.88410666E-03   2.99347285E-02   5.89980511E-04   2.69453973E-03
          0.980000019       1.70480926E-03   2.84967031E-02   5.33835788E-04   2.73966417E-03
          0.990000010       1.49978942E-03   2.73201484E-02   4.22930199E-04   2.86541251E-03
           1.00000000       1.35706505E-03   2.60151327E-02   3.82680795E-04   2.88133579E-03
           1.00999999       1.18844432E-03   2.49287691E-02   2.97944527E-04   2.98378873E-03
           1.01999998       1.07534882E-03   2.37444434E-02   2.69588782E-04   2.97501427E-03
           1.02999997       9.46444168E-04   2.27498617E-02   2.08595346E-04   3.03494674E-03
           1.03999996       8.56378581E-04   2.16862764E-02   1.88742182E-04   3.00867227E-03
           1.04999995       7.49960367E-04   2.07539685E-02   1.42998251E-04   3.05063906E-03
           1.05999994       6.78591838E-04   1.97774190E-02   1.29387408E-04   3.00695258E-03
           1.07000005       6.14015677E-04   1.88496988E-02   1.17072057E-04   2.95906141E-03
           1.08000004       5.40421170E-04   1.80493277E-02   8.75090118E-05   2.96467054E-03
           1.09000003       4.88992955E-04   1.72061529E-02   7.91791463E-05   2.90658581E-03
           1.10000002       4.31014807E-04   1.64859574E-02   5.58892898E-05   2.89748306E-03
           1.11000001       3.89998691E-04   1.57185160E-02   5.05693606E-05   2.83193658E-03
           1.12000000       3.43244290E-04   1.50430081E-02   3.51804592E-05   2.80944747E-03
           1.13000000       3.10580246E-04   1.43453768E-02   3.18315579E-05   2.73873541E-03
           1.13999999       2.71809782E-04   1.37231695E-02   2.06224122E-05   2.71133822E-03
           1.14999998       2.45943695E-04   1.30891679E-02   1.86591842E-05   2.63703871E-03
           1.15999997       2.22539282E-04   1.24859242E-02   1.68829283E-05   2.56293383E-03
           1.16999996       1.95745728E-04   1.19450269E-02   9.87160183E-06   2.52103177E-03
           1.17999995       1.77118010E-04   1.13963783E-02   8.93183915E-06   2.44581327E-03
           1.19000006       1.55839050E-04   1.09032756E-02   3.82366125E-06   2.39940919E-03
           1.20000005       1.41009077E-04   1.04040904E-02   3.45962076E-06   2.32422468E-03
           1.21000004       1.20060380E-04   9.84931644E-03   8.13340012E-06   2.26426125E-03
           1.22000003       1.08635053E-04   9.40235797E-03   7.35903950E-06   2.19052937E-03
           1.23000002       9.82970159E-05   8.97651259E-03   6.65839389E-06   2.11829389E-03
           1.24000001       8.91179880E-05   8.66704993E-03  -1.90495246E-06   2.07567960E-03
           1.25000000       8.06373428E-05   8.27356707E-03  -1.72358216E-06   2.00481783E-03
           1.25999999       7.12456240E-05   7.91325886E-03  -3.10025166E-06   1.95058249E-03
           1.26999998       6.44656757E-05   7.55504286E-03  -2.80504651E-06   1.88220420E-03
           1.27999997       5.83309848E-05   7.21366191E-03  -2.53798248E-06   1.81565620E-03
           1.28999996       5.11631515E-05   6.89701037E-03  -3.26390978E-06   1.76447502E-03
           1.29999995       4.62943026E-05   6.58629416E-03  -2.95314135E-06   1.70066708E-03
           1.30999994       4.07009029E-05   6.30043121E-03  -3.57611611E-06   1.65087043E-03
           1.32000005       3.68277106E-05   6.01731986E-03  -3.23561585E-06   1.58997753E-03
           1.33000004       3.33231073E-05   5.74737741E-03  -2.92752770E-06   1.53098127E-03
           1.34000003       2.93939665E-05   5.49628958E-03  -3.15093598E-06   1.48218311E-03
           1.35000002       2.65967519E-05   5.25038270E-03  -2.85090209E-06   1.42632145E-03
           1.36000001       2.33359842E-05   5.02134813E-03  -2.99331805E-06   1.38063182E-03
           1.37000000       2.11152892E-05   4.79727378E-03  -2.70828491E-06   1.32784341E-03
           1.38000000       1.91058934E-05   4.58351662E-03  -2.45039587E-06   1.27685221E-03
           1.38999999       1.68131282E-05   4.38259309E-03  -2.43087311E-06   1.23329030E-03
           1.39999998       1.52131533E-05   4.18783259E-03  -2.19939466E-06   1.18538353E-03
           1.40999997       1.33873136E-05   4.00461815E-03  -2.15629370E-06   1.14409626E-03
           1.41999996       1.21133371E-05   3.82711110E-03  -1.95095595E-06   1.09919731E-03
           1.42999995       1.09605944E-05   3.65770306E-03  -1.76517040E-06   1.05592201E-03
           1.44000006       9.53498329E-06   3.49610229E-03  -1.64789401E-06   1.01852615E-03
           1.45000005       8.62761499E-06   3.34178354E-03  -1.49096559E-06   9.78065538E-04
           1.46000004       7.80659320E-06   3.19446600E-03  -1.34898198E-06   9.39108606E-04
           1.47000003       6.86792919E-06   3.05557996E-03  -1.30278147E-06   9.04831744E-04
           1.48000002       6.21435674E-06   2.92118802E-03  -1.17871423E-06   8.68521631E-04
           1.49000001       5.45009289E-06   2.79368716E-03  -1.10881899E-06   8.36282969E-04
           1.50000000       4.93145126E-06   2.67110742E-03  -1.00322393E-06   8.02500872E-04
           1.50999999       4.46215881E-06   2.55405623E-03  -9.07681169E-07   7.70021928E-04
           1.51999998       3.91266212E-06   2.44293618E-03  -8.50420008E-07   7.40971649E-04
           1.52999997       3.54032454E-06   2.33612186E-03  -7.69430244E-07   7.10810127E-04
           1.53999996       3.20341928E-06   2.23410013E-03  -6.96152540E-07   6.81829813E-04
           1.54999995       2.80845256E-06   2.13720254E-03  -6.49843344E-07   6.55743759E-04
           1.55999994       2.54119163E-06   2.04407657E-03  -5.87953480E-07   6.28878421E-04
           1.57000005       2.24068708E-06   1.95557717E-03  -5.46058800E-07   6.04357396E-04
           1.58000004       2.02745900E-06   1.87054928E-03  -4.94051790E-07   5.79496089E-04
           1.59000003       1.83452028E-06   1.78930478E-03  -4.46998598E-07   5.55627223E-04
           1.60000002       1.60205821E-06   1.71174726E-03  -4.08310058E-07   5.33893879E-04
           1.61000001       1.44960120E-06   1.63756311E-03  -3.69422509E-07   5.11821767E-04
           1.62000000       1.31165552E-06   1.56667212E-03  -3.34238251E-07   4.90641978E-04
           1.63000000       1.14499562E-06   1.49467762E-03  -3.04786141E-07   4.68653947E-04
           1.63999999       1.03603440E-06   1.43010728E-03  -2.75757344E-07   4.49201325E-04
           1.64999998       9.37444383E-07   1.36839272E-03  -2.49493581E-07   4.30541579E-04
           1.65999997       8.26220287E-07   1.30965246E-03  -2.30276143E-07   4.13313828E-04
           1.66999996       7.47594811E-07   1.25324167E-03  -2.08343408E-07   3.96098854E-04
           1.67999995       6.76451521E-07   1.19931728E-03  -1.88499669E-07   3.79590521E-04
           1.69000006       5.85399619E-07   1.14746892E-03  -1.66447649E-07   3.64321750E-04
           1.70000005       5.29691363E-07   1.08045607E-03  -1.50593948E-07   3.46604531E-04
           1.71000004       4.62760767E-07   1.03399146E-03  -1.34737547E-07   3.32518597E-04
           1.72000003       4.18723033E-07   9.89680295E-04  -1.21904336E-07   3.18586273E-04
           1.73000002       3.78876308E-07   9.47311230E-04  -1.10292923E-07   3.05232446E-04
           1.74000001       3.32251403E-07   9.06817091E-04  -1.00021033E-07   2.92787910E-04
           1.75000000       3.00633388E-07   8.68069415E-04  -9.04941189E-08   2.80495849E-04
           1.75999999       2.72024238E-07   8.31007957E-04  -8.18745605E-08   2.68714619E-04
           1.76999998       2.37432673E-07   7.95491505E-04  -7.31486764E-08   2.57696636E-04
           1.77999997       2.14837897E-07   7.61595089E-04  -6.61812081E-08   2.46859418E-04
           1.78999996       1.94393678E-07   7.29171385E-04  -5.98774292E-08   2.36474632E-04
           1.79999995       1.69266173E-07   6.98177435E-04  -5.41906680E-08   2.26802673E-04
           1.80999994       1.53158283E-07   6.68506778E-04  -4.90289267E-08   2.17249893E-04
           1.82000005       1.38583573E-07   6.40120648E-04  -4.43588846E-08   2.08097321E-04
           1.83000004       1.14785543E-07   6.12243020E-04  -3.37569581E-08   1.99391099E-04
           1.84000003       1.03862170E-07   5.86311566E-04  -3.05415284E-08   1.90986786E-04
           1.85000002       9.39783504E-08   5.61500085E-04  -2.76323053E-08   1.82935983E-04
           1.86000001       8.66393179E-08   5.38318360E-04  -2.92465838E-08   1.75468624E-04
           1.87000000       7.83946277E-08   5.15562191E-04  -2.64607536E-08   1.68064333E-04
           1.88000000       7.09343624E-08   4.93785366E-04  -2.39402169E-08   1.60971700E-04
           1.88999999       6.17921287E-08   4.72916639E-04  -2.13184865E-08   1.54293622E-04
           1.89999998       5.59119151E-08   4.52975422E-04  -1.92878122E-08   1.47778715E-04
           1.90999997       5.05911721E-08   4.33892856E-04  -1.74505121E-08   1.41539480E-04
           1.91999996       4.57767619E-08   4.15626448E-04  -1.57882365E-08   1.35562965E-04
           1.92999995       4.05410567E-08   3.98182048E-04  -1.44209453E-08   1.29918233E-04
           1.94000006       3.66829838E-08   3.81446473E-04  -1.30472131E-08   1.24431026E-04
           1.95000005       3.31921157E-08   3.65426677E-04  -1.18043602E-08   1.19175646E-04
           1.96000004       2.88937532E-08   3.50076036E-04  -1.04942508E-08   1.14213064E-04
           1.97000003       2.61441375E-08   3.35398741E-04  -9.49457135E-09   1.09388384E-04
           1.98000002       2.36561899E-08   3.21347441E-04  -8.59013127E-09   1.04767852E-04
           1.99000001       2.05812309E-08   3.07882496E-04  -7.63028485E-09   1.00399840E-04
           2.00000000       1.86226590E-08   2.95005273E-04  -6.90342228E-09   9.61586120E-05
