          0.100000001       1749.66345       1622.43225       360.409271       305.861816    
          0.109999999       1547.69202       1428.64600       344.526215       292.555817    
          0.119999997       1259.56836       1153.60547       320.545288       273.239868    
          0.129999995       1114.44495       1015.55957       304.028107       259.158356    
          0.140000001       982.052246       890.099609       286.469513       244.044312    
          0.150000006       795.137207       713.691162       261.424652       222.862549    
          0.159999996       701.864075       625.957703       245.187546       208.639404    
          0.170000002       621.804199       550.903015       230.170547       195.360947    
          0.180000007       548.687256       482.687836       214.858765       181.966476    
          0.189999998       486.262939       424.940277       200.857590       169.834854    
          0.200000003       429.464203       372.571533       187.330750       158.042465    
          0.209999993       381.028961       328.109711       174.511002       146.803619    
          0.219999999       336.946045       287.872894       162.211029       136.056442    
          0.230000004       299.649597       253.997025       150.913925       126.153893    
          0.239999995       263.071320       220.937378       139.410294       116.069420    
          0.250000000       234.702560       195.433212       129.592819       107.424072    
          0.259999990       206.530579       170.345108       119.383972       98.5352554    
          0.270000011       183.072098       149.579819       110.326775       90.6282578    
          0.280000001       161.691040       130.580750       101.559319       82.9137650    
          0.289999992       144.021225       115.209930       93.8475266       76.2201843    
          0.300000012       127.861778       101.271645       86.3954239       69.7713623    
          0.310000002       113.199219       88.7722702       79.3499832       63.5906677    
          0.319999993       101.141357       78.5274277       73.1020279       58.1931877    
          0.330000013       88.9807434       68.3343353       66.6938858       52.7040100    
          0.340000004       79.1086960       60.1528015       61.1506767       47.9718056    
          0.349999994       76.4795227       57.9592171       59.1723289       46.3054008    
          0.360000014       68.3344193       51.2876434       54.2928123       42.1526337    
          0.370000005       60.8445854       45.2333488       49.6568413       38.2259331    
          0.379999995       54.2190208       39.9472008       45.3820610       34.6182213    
          0.389999986       48.3756905       35.3783226       41.4091797       31.3272305    
          0.400000006       46.7679138       34.0900116       40.0595055       30.2173252    
          0.409999996       41.2723083       29.8119297       36.2575951       26.9874172    
          0.419999987       37.4218597       26.8653202       33.3493462       24.5799332    
          0.430000007       33.5313530       24.0225277       30.3747654       22.1970158    
          0.439999998       32.4169388       23.1456509       29.3806458       21.3991947    
          0.449999988       29.0532970       20.6688995       26.6941433       19.2000065    
          0.460000008       26.0929260       18.5311832       24.2604465       17.2102242    
          0.469999999       25.2257252       17.8126221       23.4645176       16.5324764    
          0.479999989       22.7008152       16.0354061       21.3006840       14.7906914    
          0.490000010       20.4438725       14.4847822       19.3047714       13.1993132    
          0.500000000       19.7644176       13.9613314       18.6701679       12.7149363    
          0.509999990       17.8810806       12.7160482       16.9523754       11.3655577    
          0.519999981       16.1277676       11.5617266       15.3015547       10.0720348    
          0.529999971       15.5917549       11.1498003       14.7977142       9.69913769    
          0.540000021       14.1321383       10.2208643       13.3837671       8.61337471    
          0.550000012       12.8467512       9.42391491       12.1061106       7.63514280    
          0.560000002       12.4197817       9.09411716       11.7069311       7.34936380    
          0.569999993       11.3076439       8.41821289       10.5730629       6.48777771    
          0.579999983       10.2847338       7.81177521       9.51098156       5.69845200    
          0.589999974       9.94291592       7.54510117       9.19700527       5.48265123    
          0.600000024       9.05766392       7.05440187       8.25837135       4.81232119    
          0.610000014       8.30035210       6.63674545       7.43710136       4.21991110    
          0.620000005       8.02448750       6.41683245       7.19134378       4.05882120    
          0.629999995       7.33589935       6.04730368       6.43437576       3.52285004    
          0.639999986       7.09209061       5.85059404       6.22162867       3.38726878    
          0.649999976       6.50318527       5.54066515       5.56952858       2.93590236    
          0.660000026       5.98034286       5.26596737       4.99040937       2.54310203    
          0.670000017       5.78158426       5.08839035       4.82527399       2.43251252    
          0.680000007       5.31990480       4.85922813       4.30510998       2.08816290    
          0.689999998       5.14310074       4.70956135       4.16258812       2.00685477    
          0.699999988       4.74076700       4.51580000       3.70719528       1.71357429    
          0.709999979       4.58320618       4.37964535       3.58441234       1.64672184    
          0.720000029       4.23199081       4.21489286       3.18648171       1.39808905    
          0.730000019       3.91423416       4.06731510       2.82759547       1.17988396    
          0.740000010       3.78414273       3.94947147       2.73388982       1.13391531    
          0.750000000       3.50464320       3.82409167       2.41795158      0.948451042    
          0.759999990       3.38816619       3.71559215       2.33779502      0.911625385    
          0.769999981       3.14300513       3.60590720       2.06431937      0.757610977    
          0.779999971       3.03854680       3.50616670       1.99586308      0.728909492    
          0.790000021       2.82241893       3.41070819       1.75746977      0.600709915    
          0.800000012       2.72861481       3.31824183       1.69917142      0.578343391    
          0.810000002       2.53840733       3.22959518       1.49748516      0.476111740    
          0.819999993       2.45404291       3.14390492       1.44779778      0.459061146    
          0.829999983       2.28477955       3.06844115       1.26826060      0.372635514    
          0.839999974       2.20884538       2.98876190       1.22616875      0.360107422    
          0.850000024       2.06742191       2.92881036       1.07519400      0.291296333    
          0.860000014       1.99871123       2.85411429       1.03950119      0.282250881    
          0.870000005       1.86446857       2.79247594      0.904070199      0.225704670    
          0.879999995       1.80250263       2.72286248      0.874050438      0.219878361    
          0.889999986       1.68272781       2.66655469      0.756971836      0.175392792    
          0.899999976       1.62680149       2.60726261      0.731831372      0.178001240    
          0.910000026       1.51970828       2.55559897      0.630492032      0.143150643    
          0.920000017       1.46920013       2.49442959      0.609547913      0.141668156    
          0.930000007       1.37950552       2.45123506      0.525434911      0.115670837    
          0.939999998       1.33365715       2.38838291      0.507977605      0.110466160    
          0.949999988       1.24716651       2.34320140      0.432612091       9.15778503E-02
          0.959999979       1.20571661       2.28916073      0.418236405       9.29374695E-02
          0.970000029       1.12795544       2.24709487      0.353202820       7.99241066E-02
          0.980000019       1.09046757       2.19622231      0.341463834       8.21886063E-02
          0.990000010       1.02498448       2.15847921      0.289038450       7.43303299E-02
           1.00000000      0.990918636       2.11033821      0.279430598       7.71063194E-02
           1.00999999      0.927185774       2.07079268      0.232446715       7.35376701E-02
           1.01999998      0.896370649       2.02546978      0.224719092       7.69404545E-02
           1.02999997      0.842914104       1.99187851      0.185777381       7.57551193E-02
           1.03999996      0.814899921       1.94955504      0.179600433       7.93863907E-02
           1.04999995      0.762477696       1.91532362      0.145384952       8.42220783E-02
           1.05999994      0.737136662       1.87482929      0.140550211       8.78520831E-02
           1.07000005      0.712637961       1.83538973      0.135876060       9.13613662E-02
           1.08000004      0.670149803       1.80497265      0.108515657       9.44434032E-02
           1.09000003      0.647876978       1.76758766      0.104906082       9.79716778E-02
           1.10000002      0.610144556       1.74326861       7.91169032E-02  0.101630367    
           1.11000001      0.589866340       1.70764446       7.64853135E-02  0.105100550    
           1.12000000      0.554681778       1.67922294       5.68515249E-02  0.110986553    
           1.13000000      0.536246896       1.64545155       5.49602918E-02  0.114359535    
           1.13999999      0.501425803       1.61491776       3.80435400E-02  0.122271776    
           1.14999998      0.484760612       1.58294582       3.67776565E-02  0.125430271    
           1.15999997      0.468649656       1.55176580       3.55540700E-02  0.128453091    
           1.16999996      0.440437555       1.52575111       2.22115722E-02  0.135691956    
           1.17999995      0.425799698       1.49592650       2.14725528E-02  0.138569117    
           1.19000006      0.400285572       1.47204351       9.82143451E-03  0.146174505    
           1.20000005      0.386981875       1.44377768       9.49450303E-03  0.148645237    
           1.21000004      0.352041215       1.35938740       2.38487720E-02  0.162404537    
           1.22000003      0.340340853       1.33011436       2.30549965E-02  0.172136068    
           1.23000002      0.329029530       1.30541468       2.22876277E-02  0.173811123    
           1.24000001      0.318720609       1.33868468      -6.81285048E-03  0.176644638    
           1.25000000      0.308127791       1.31382537      -6.58609485E-03  0.178395748    
           1.25999999      0.290872902       1.29378605      -1.26572847E-02  0.185055807    
           1.26999998      0.281205773       1.27004659      -1.22358995E-02  0.186541319    
           1.27999997      0.271859795       1.24685156      -1.18286209E-02  0.187921286    
           1.28999996      0.254772812       1.22475851      -1.62530337E-02  0.195395306    
           1.29999995      0.246305421       1.20268357      -1.57119632E-02  0.196486160    
           1.30999994      0.231366679       1.18455923      -2.03286409E-02  0.203491762    
           1.32000005      0.223677054       1.16345942      -1.96518898E-02  0.204312965    
           1.33000004      0.216243222       1.14282894      -1.89975593E-02  0.205044821    
           1.34000003      0.203800663       1.12484264      -2.18467321E-02  0.210941389    
           1.35000002      0.197027251       1.10512173      -2.11193170E-02  0.211423680    
           1.36000001      0.184703097       1.08741045      -2.36919615E-02  0.217937469    
           1.37000000      0.178564444       1.06856823      -2.29030158E-02  0.218161106    
           1.38000000      0.172629759       1.05013251      -2.21403446E-02  0.218312189    
           1.38999999      0.162310794       1.03239334      -2.34671831E-02  0.223473474    
           1.39999998      0.156916305       1.01478291      -2.26856861E-02  0.223395109    
           1.40999997      0.147534102      0.998043954      -2.37633083E-02  0.228245452    
           1.41999996      0.142630816      0.981145382      -2.29719076E-02  0.227889225    
           1.42999995      0.137890443      0.964622200      -2.22068336E-02  0.227498576    
           1.44000006      0.128165483      0.944763601      -2.21503433E-02  0.232508302    
           1.45000005      0.123905815      0.928940833      -2.14125663E-02  0.231898144    
           1.46000004      0.119787782      0.913603067      -2.06993669E-02  0.231279135    
           1.47000003      0.112597145      0.899441421      -2.13586185E-02  0.235217884    
           1.48000002      0.108854949      0.884739220      -2.06471737E-02  0.234419152    
           1.49000001      0.102001362      0.869588077      -2.07521264E-02  0.237961367    
           1.50000000       9.86113325E-02  0.855459929      -2.00608764E-02  0.236926675    
           1.50999999       9.53339711E-02  0.841679573      -1.93925947E-02  0.235923365    
           1.51999998       8.93151760E-02  0.827551603      -1.94127169E-02  0.238956496    
           1.52999997       8.63467976E-02  0.814355910      -1.87660307E-02  0.237800881    
           1.53999996       8.34770426E-02  0.801419735      -1.81408580E-02  0.236616686    
           1.54999995       7.81935081E-02  0.788260996      -1.80930737E-02  0.239223287    
           1.55999994       7.55947605E-02  0.775530338      -1.74902920E-02  0.237572908    
           1.57000005       7.12172762E-02  0.763449907      -1.73557550E-02  0.239467666    
           1.58000004       6.88503608E-02  0.751494110      -1.67774800E-02  0.237987354    
           1.59000003       6.65621385E-02  0.739825547      -1.62185077E-02  0.236547828    
           1.60000002       6.21059947E-02  0.726993322      -1.58287119E-02  0.238579705    
           1.61000001       6.00418746E-02  0.715819180      -1.53013198E-02  0.237028405    
           1.62000000       5.80463894E-02  0.694834888      -1.47914737E-02  0.233543381    
           1.63000000       5.41389175E-02  0.680134475      -1.44112287E-02  0.233563662    
           1.63999999       5.23396023E-02  0.669788659      -1.39310258E-02  0.231916904    
           1.64999998       5.06001078E-02  0.659468114      -1.34668248E-02  0.230204865    
           1.65999997       4.76488434E-02  0.645150781      -1.32802306E-02  0.226584435    
           1.66999996       4.60652150E-02  0.635432959      -1.28376856E-02  0.224911138    
           1.67999995       4.45342250E-02  0.625893474      -1.24098910E-02  0.223231748    
           1.69000006       4.11775634E-02  0.613593221      -1.17080836E-02  0.224110365    
           1.70000005       3.98090221E-02  0.599683344      -1.13179088E-02  0.220497012    
           1.71000004       3.71590927E-02  0.589190960      -1.08192535E-02  0.220894098    
           1.72000003       3.59240845E-02  0.580516160      -1.04587069E-02  0.219108224    
           1.73000002       3.47301513E-02  0.571996331      -1.01101389E-02  0.217322588    
           1.74000001       3.25406231E-02  0.561587811      -9.79603734E-03  0.218159199    
           1.75000000       3.14591266E-02  0.553410709      -9.46955755E-03  0.216315553    
           1.75999999       3.04135736E-02  0.545376718      -9.15395841E-03  0.214474991    
           1.76999998       2.83629224E-02  0.536202371      -8.73809960E-03  0.214497194    
           1.77999997       2.74202731E-02  0.528486907      -8.44686385E-03  0.212621525    
           1.78999996       2.65089571E-02  0.520904958      -8.16532876E-03  0.210751250    
           1.79999995       2.46621724E-02  0.513036072      -7.89561216E-03  0.211149022    
           1.80999994       2.38425117E-02  0.505732775      -7.63244787E-03  0.209240362    
           1.82000005       2.30500996E-02  0.498553723      -7.37805152E-03  0.207339242    
           1.83000004       2.03985292E-02  0.481407851      -5.99894905E-03  0.207285032    
           1.84000003       1.97205711E-02  0.474715710      -5.79899689E-03  0.205348447    
           1.85000002       1.90651510E-02  0.468134642      -5.60569763E-03  0.203422055    
           1.86000001       1.87792499E-02  0.468941838      -6.33925572E-03  0.204706550    
           1.87000000       1.81551129E-02  0.462409943      -6.12794375E-03  0.202739060    
           1.88000000       1.75517201E-02  0.455986023      -5.92367351E-03  0.200783253    
           1.88999999       1.63360406E-02  0.448863983      -5.63598750E-03  0.200238660    
           1.89999998       1.57931075E-02  0.442675263      -5.44811087E-03  0.198275268    
           1.90999997       1.52682187E-02  0.436588287      -5.26649738E-03  0.196325243    
           1.91999996       1.47607811E-02  0.430599898      -5.09093748E-03  0.194388255    
           1.92999995       1.39672132E-02  0.425191641      -4.96830791E-03  0.193721965    
           1.94000006       1.35030029E-02  0.419388801      -4.80267918E-03  0.191784516    
           1.95000005       1.30542256E-02  0.413679510      -4.64257039E-03  0.189861134    
           1.96000004       1.21414242E-02  0.407436281      -4.40978073E-03  0.189148501    
           1.97000003       1.17379054E-02  0.401928306      -4.26276727E-03  0.187226489    
           1.98000002       1.13477940E-02  0.396508068      -4.12065862E-03  0.185319543    
           1.99000001       1.05484249E-02  0.390614182      -3.91072268E-03  0.184545770    
           2.00000000       1.01978509E-02  0.385381728      -3.78034520E-03  0.182643533    
