          0.100000001       1648.59436       1312.00989       339.590240       217.575760    
          0.109999999       1449.27637       1137.34351       322.618164       206.968307    
          0.119999997       1172.18445       897.935059       298.307037       193.746216    
          0.129999995       1030.71851       777.060791       281.186981       182.314499    
          0.140000001       902.658447       669.107605       263.310028       170.470779    
          0.150000006       726.337585       521.647766       238.804703       154.278259    
          0.159999996       637.171997       449.584076       222.588135       144.057999    
          0.170000002       561.002258       387.822235       207.663742       133.364563    
          0.180000007       491.975250       332.711517       192.651108       122.964600    
          0.189999998       433.308197       287.125702       178.983932       113.769203    
          0.200000003       380.329559       246.456863       165.898392       104.808556    
          0.209999993       335.350189       212.503830       153.590134       96.3056412    
          0.219999999       294.719025       182.346970       141.882309       88.2175980    
          0.230000004       260.476685       157.409958       131.185074       80.8084488    
          0.239999995       227.266891       133.664047       120.436333       73.3687057    
          0.250000000       201.505936       115.610588       111.263039       66.9584274    
          0.259999990       176.222656       98.4405289       101.864632       60.5884590    
          0.270000011       155.241150       84.5297318       93.5547104       54.9350243    
          0.280000001       136.263062       71.8412247       85.5878296       49.3736992    
          0.289999992       120.621834       62.1160164       78.5999527       44.7077293    
          0.300000012       106.425964       53.5592346       71.9113693       40.2764740    
          0.310000002       93.6391983       46.1316643       65.6388779       36.1444855    
          0.319999993       83.1477127       40.2273712       60.0967560       32.5343361    
          0.330000013       72.6984482       34.6390266       54.4897919       28.9308529    
          0.340000004       64.2333603       30.2507725       49.6521034       25.7839718    
          0.349999994       61.7147636       28.8938541       47.7488060       24.6358776    
          0.360000014       54.8012886       25.5503292       43.5405235       22.0300827    
          0.370000005       48.4931526       22.6663303       39.5765152       19.6077499    
          0.379999995       42.9454842       20.3514538       35.9459572       17.4818668    
          0.389999986       38.0803032       18.3434505       32.5964127       15.3781137    
          0.400000006       36.5871544       17.5706654       31.3390789       14.6829920    
          0.409999996       32.0883064       16.0447178       28.1894817       12.9118853    
          0.419999987       28.9148312       14.9083796       25.7681141       11.5554361    
          0.430000007       25.7486172       13.9176712       23.3246841       10.2022552    
          0.439999998       24.7390003       13.3924713       22.4218540       9.74644470    
          0.449999988       22.0349903       12.6302748       20.2457294       8.58526230    
          0.460000008       19.6674328       12.0746908       18.2862110       7.57418299    
          0.469999999       18.8962650       11.7832565       17.5769672       7.26620626    
          0.479999989       16.8997803       11.3569975       15.8574419       6.39785528    
          0.490000010       15.1255159       11.0423002       14.2827463       5.63026428    
          0.500000000       14.5324354       10.7028322       13.7278528       5.39604044    
          0.509999990       13.0663862       10.5104160       12.3877459       4.75097227    
          0.519999981       11.7123308       10.3462563       11.1123199       4.18290806    
          0.529999971       11.2530832       10.0503302       10.6799974       4.01371765    
          0.540000021       10.1365881       9.96646976       9.59980106       3.55458093    
          0.550000012       9.15765858       9.90854073       8.62970257       3.15821075    
          0.560000002       8.79857922       9.64911556       8.29357243       3.04428744    
          0.569999993       7.96119118       9.63101292       7.44400597       2.71892357    
          0.579999983       7.19625425       9.61798382       6.65485716       2.43607450    
          0.589999974       6.91408205       9.37887096       6.39539194       2.35762119    
          0.600000024       6.25956726       9.40385056       5.70719290       2.14565969    
          0.610000014       5.70075035       9.43300629       5.10786295       1.96793401    
          0.620000005       5.47722101       9.21093273       4.90854788       1.91746581    
          0.629999995       4.97626638       9.23694038       4.36472321       1.76395035    
          0.639999986       4.78114367       9.02514839       4.19432116       1.72458649    
          0.649999976       4.35703611       9.04168224       3.73149991       1.60976088    
          0.660000026       3.98197365       9.05260563       3.32283235       1.52152956    
          0.670000017       3.82583833       8.84593296       3.19302106       1.48738420    
          0.680000007       3.49857450       8.85803318       2.83120632       1.42031705    
          0.689999998       3.36139488       8.66303444       2.72055745       1.40240479    
          0.699999988       3.07928872       8.67029858       2.40794897       1.35575867    
          0.709999979       2.95854831       8.48172855       2.31380773       1.34218657    
          0.720000029       2.71494675       8.48242950       2.04422188       1.31211185    
          0.730000019       2.49557614       8.47455025       1.80277395       1.29301512    
          0.740000010       2.39772248       8.29502964       1.73225725       1.28503549    
          0.750000000       2.20689940       8.28109455       1.52260196       1.28244019    
          0.759999990       2.12036586       8.10507584       1.46302760       1.27592850    
          0.769999981       1.95478356       8.08386230       1.28389800       1.27665901    
          0.779999971       1.87813485       7.91330719       1.23364890       1.27122080    
          0.790000021       1.73376310       7.88556242       1.07958329       1.27856600    
          0.800000012       1.66578102       7.72017670       1.03732049       1.27358055    
          0.810000002       1.54008329       7.67584610      0.908542931       1.28570712    
          0.819999993       1.47969615       7.50917578      0.872967958       1.27412987    
          0.829999983       1.36912191       7.46560049      0.759987354       1.28827631    
          0.839999974       1.31543827       7.31071424      0.730222762       1.28326166    
          0.850000024       1.22360611       7.26708031      0.636354804       1.29823971    
          0.860000014       1.17562807       7.11695719      0.611427307       1.29285300    
          0.870000005       1.08988941       7.06484604      0.528481066       1.31280077    
          0.879999995       1.04715395       6.91939545      0.507774770       1.30663240    
          0.889999986      0.971529007       6.86265802      0.437040418       1.32721198    
          0.899999976      0.933434784       6.72596359      0.419914007       1.32430518    
          0.910000026      0.866596520       6.66897440      0.359531015       1.33964884    
          0.920000017      0.832616627       6.53282213      0.345439464       1.33196104    
          0.930000007      0.776953399       6.47015333      0.295931011       1.34816933    
          0.939999998      0.746488333       6.33571959      0.284330398       1.33691347    
          0.949999988      0.693762243       6.26905966      0.240649477       1.35634232    
          0.959999979      0.666559577       6.14194155      0.231214762       1.34701288    
          0.970000029      0.619716287       6.07401037      0.194055095       1.36567020    
          0.980000019      0.595416784       5.95125723      0.186445951       1.35542679    
          0.990000010      0.556202471       5.88024712      0.156845227       1.36964035    
           1.00000000      0.534393609       5.76244736      0.150694445       1.35728645    
           1.00999999      0.496932268       5.68908501      0.124581575       1.37302494    
           1.01999998      0.477447510       5.57485580      0.119695581       1.36113644    
           1.02999997      0.446199030       5.50309229       9.83418226E-02   1.37252712    
           1.03999996      0.428703338       5.39417887       9.44843665E-02   1.36012936    
           1.04999995      0.398645848       5.31841707       7.60115385E-02   1.37256968    
           1.05999994      0.383014679       5.21229315       7.30295554E-02   1.35920048    
           1.07000005      0.367996484       5.10849619       7.01645240E-02   1.34574330    
           1.08000004      0.343917340       5.03776407       5.56896515E-02   1.35369170    
           1.09000003      0.330432028       4.93774462       5.35045080E-02   1.33966506    
           1.10000002      0.309264094       4.87626839       4.01020050E-02   1.34912527    
           1.11000001      0.297137827       4.77962542       3.85285206E-02   1.33447552    
           1.12000000      0.277687043       4.70873594       2.84612570E-02   1.33900654    
           1.13000000      0.266798824       4.61571074       2.73444057E-02   1.32393408    
           1.13999999      0.247932240       4.54368925       1.88108180E-02   1.32943547    
           1.14999998      0.238210618       4.45418787       1.80724952E-02   1.31387961    
           1.15999997      0.228870258       4.36659861       1.73632298E-02   1.29834282    
           1.16999996      0.213763177       4.29961395       1.07802153E-02   1.29822338    
           1.17999995      0.205381453       4.21471453       1.03571219E-02   1.28229558    
           1.19000006      0.191881493       4.14930773       4.70800186E-03   1.28304422    
           1.20000005      0.184357718       4.06816626       4.52317810E-03   1.26696384    
           1.21000004      0.166675329       3.92872262       1.12912850E-02   1.25781190    
           1.22000003      0.160139874       3.85277104       1.08480155E-02   1.24158823    
           1.23000002      0.153860688       3.77575612       1.04221301E-02   1.22388268    
           1.24000001      0.148118794       3.78116798      -3.16611934E-03   1.23070180    
           1.25000000      0.142310992       3.70790935      -3.04183364E-03   1.21452796    
           1.25999999      0.133511350       3.64672351      -5.80972433E-03   1.21246338    
           1.26999998      0.128276303       3.57616901      -5.58159733E-03   1.19611263    
           1.27999997      0.123246528       3.50716519      -5.36246086E-03   1.17996728    
           1.28999996      0.114786319       3.44809985      -7.32269371E-03   1.17374945    
           1.29999995      0.110285461       3.38171005      -7.03517115E-03   1.15754068    
           1.30999994      0.102956213       3.32682347      -9.04608238E-03   1.15373600    
           1.32000005       9.89192054E-02   3.26293111      -8.69086385E-03   1.13751936    
           1.33000004       9.50405523E-02   3.20037270      -8.34957790E-03   1.12146962    
           1.34000003       8.90183449E-02   3.14602375      -9.54246987E-03   1.11515915    
           1.35000002       8.55278671E-02   3.08571887      -9.16771591E-03   1.09922194    
           1.36000001       7.96824321E-02   3.03260064      -1.02209002E-02   1.09323049    
           1.37000000       7.65580758E-02   2.97473645      -9.81947780E-03   1.07730186    
           1.38000000       7.35561848E-02   2.91807461      -9.43382084E-03   1.06156170    
           1.38999999       6.87318742E-02   2.86639714      -9.93737578E-03   1.05409908    
           1.39999998       6.60368279E-02   2.81197858      -9.54706967E-03   1.03852296    
           1.40999997       6.17046542E-02   2.76207471      -9.93876625E-03   1.03134096    
           1.41999996       5.92851751E-02   2.70914650      -9.54838376E-03   1.01593578    
           1.42999995       5.69605939E-02   2.65793872      -9.17332899E-03   1.00070751    
           1.44000006       5.26160784E-02   2.60693049      -9.09343362E-03  0.993104160    
           1.45000005       5.05529754E-02   2.55722880      -8.73622298E-03  0.977910280    
           1.46000004       4.85707633E-02   2.50883317      -8.39304458E-03  0.962740958    
           1.47000003       4.53729518E-02   2.46497488      -8.60682130E-03  0.954629898    
           1.48000002       4.35938537E-02   2.41752839      -8.26870929E-03  0.938765705    
           1.49000001       4.05966751E-02   2.37357211      -8.25937558E-03  0.930216610    
           1.50000000       3.90048586E-02   2.32916141      -7.93490559E-03  0.915791035    
           1.50999999       3.74754518E-02   2.28562355      -7.62316352E-03  0.901541173    
           1.51999998       3.48924883E-02   2.24434304      -7.58390361E-03  0.893020153    
           1.52999997       3.35243382E-02   2.20242047      -7.28595257E-03  0.879174531    
           1.53999996       3.22098173E-02   2.16142774      -6.99969381E-03  0.865360439    
           1.54999995       2.99846809E-02   2.12255359      -6.93810871E-03  0.856812298    
           1.55999994       2.88089681E-02   2.08319497      -6.66550687E-03  0.843284786    
           1.57000005       2.69729774E-02   2.04585648      -6.57335529E-03  0.833990335    
           1.58000004       2.59153545E-02   2.00800705      -6.31506229E-03  0.820717633    
           1.59000003       2.48991977E-02   1.96988428      -6.06692815E-03  0.806620657    
           1.60000002       2.30886806E-02   1.93294430      -5.88451931E-03  0.797425687    
           1.61000001       2.21833531E-02   1.89681470      -5.65329939E-03  0.784120500    
           1.62000000       2.13135388E-02   1.82701170      -5.43115148E-03  0.768221438    
           1.63000000       1.97559278E-02   1.78784227      -5.25882468E-03  0.755698144    
           1.63999999       1.89812854E-02   1.75506699      -5.05217398E-03  0.743523300    
           1.64999998       1.82370152E-02   1.72233880      -4.85364208E-03  0.731371462    
           1.65999997       1.70671958E-02   1.69187260      -4.75680316E-03  0.722639084    
           1.66999996       1.63979810E-02   1.66095018      -4.56987182E-03  0.710902214    
           1.67999995       1.57550108E-02   1.63061106      -4.39028488E-03  0.699323475    
           1.69000006       1.44774690E-02   1.59892368      -4.11640108E-03  0.690707445    
           1.70000005       1.39098009E-02   1.56233644      -3.95462802E-03  0.676864445    
           1.71000004       1.29036233E-02   1.53303206      -3.75702349E-03  0.668075085    
           1.72000003       1.23976618E-02   1.50519717      -3.60937603E-03  0.657081664    
           1.73000002       1.19115459E-02   1.47790682      -3.46751628E-03  0.646265805    
           1.74000001       1.10916113E-02   1.44236231      -3.33902054E-03  0.636861622    
           1.75000000       1.06567033E-02   1.41626656      -3.20779043E-03  0.626322567    
           1.75999999       1.02388496E-02   1.39064789      -3.08171660E-03  0.615926445    
           1.76999998       9.48946830E-03   1.36485755      -2.92353332E-03  0.607677281    
           1.77999997       9.11738072E-03   1.34026015      -2.80862511E-03  0.597575903    
           1.78999996       8.75988510E-03   1.31611168      -2.69823358E-03  0.587613881    
           1.79999995       8.09924025E-03   1.29122019      -2.59297737E-03  0.582838178    
           1.80999994       7.78166577E-03   1.26804507      -2.49106158E-03  0.573073924    
           1.82000005       7.47654168E-03   1.24529505      -2.39314861E-03  0.563452005    
           1.83000004       6.57557929E-03   1.21484792      -1.93379389E-03  0.553708851    
           1.84000003       6.31774589E-03   1.19320118      -1.85778493E-03  0.544416845    
           1.85000002       6.07002387E-03   1.17169607      -1.78475992E-03  0.535009086    
           1.86000001       5.94203779E-03   1.15737677      -2.00583623E-03  0.529560983    
           1.87000000       5.70904789E-03   1.13675129      -1.92698964E-03  0.520627856    
           1.88000000       5.48519380E-03   1.11653471      -1.85124297E-03  0.511861384    
           1.88999999       5.07371686E-03   1.09624863      -1.75044930E-03  0.504575789    
           1.89999998       4.87477472E-03   1.07678139      -1.68163981E-03  0.496038109    
           1.90999997       4.68363194E-03   1.05768263      -1.61553465E-03  0.487643093    
           1.91999996       4.49998258E-03   1.03893983      -1.55202753E-03  0.479385823    
           1.92999995       4.23173839E-03   1.02112210      -1.50528073E-03  0.472454637    
           1.94000006       4.06580558E-03   1.00306177      -1.44610461E-03  0.464436859    
           1.95000005       3.90638271E-03  0.985338867      -1.38925633E-03  0.456552476    
           1.96000004       3.61077744E-03  0.967612684      -1.31143921E-03  0.449911743    
           1.97000003       3.46919824E-03  0.950557709      -1.25988305E-03  0.442257673    
           1.98000002       3.33316810E-03  0.933820069      -1.21035380E-03  0.434731394    
           1.99000001       3.07922135E-03  0.917094231      -1.14159007E-03  0.428353161    
           2.00000000       2.95848283E-03  0.900984228      -1.09671021E-03  0.421049029    
