          0.100000001       1997.42578       1602.64111       411.445404       229.208817    
          0.109999999       1791.40576       1419.72034       398.778320       224.602951    
          0.119999997       1478.17029       1145.98694       376.176910       217.593918    
          0.129999995       1326.03394       1013.91620       361.751007       210.541794    
          0.140000001       1184.74207       892.746582       345.595215       202.264282    
          0.150000006       972.578430       712.312561       319.763641       188.695480    
          0.159999996       870.419617       627.409668       304.070221       180.295334    
          0.170000002       781.848633       554.341492       289.413513       171.850662    
          0.180000007       699.499084       486.793304       273.914703       162.588211    
          0.189999998       628.530823       430.029053       259.623322       154.364563    
          0.200000003       562.827942       377.947754       245.503555       145.945953    
          0.209999993       506.290924       333.719696       231.880920       137.567184    
          0.219999999       453.937103       292.617035       218.532349       128.604965    
          0.230000004       409.300629       258.738251       206.137985       120.876038    
          0.239999995       364.330444       225.750122       193.070877       113.336914    
          0.250000000       329.558868       200.081711       181.968460       106.158531    
          0.259999990       294.030731       174.587723       169.962997       98.6655502    
          0.270000011       264.255341       153.603256       159.251144       91.8908463    
          0.280000001       236.636093       133.857040       148.632858       84.9202118    
          0.289999992       213.704941       118.513527       139.255035       79.0262756    
          0.300000012       192.363297       104.550316       129.978714       73.1741028    
          0.310000002       172.670517       92.0606461       121.037964       67.5952377    
          0.319999993       156.421585       82.0091629       113.056984       62.5916634    
          0.330000013       139.526733       71.9721375       104.579712       57.3722878    
          0.340000004       125.770500       63.9624939       97.2200546       52.7913170    
          0.349999994       123.280113       62.4919739       95.3820190       51.6618347    
          0.360000014       111.681335       56.1494751       88.7326431       47.5618401    
          0.370000005       100.822212       50.4204521       82.2836151       43.6734276    
          0.379999995       91.0917892       45.5330048       76.2450790       40.0705719    
          0.389999986       82.4039307       41.3219376       70.5370560       36.6690025    
          0.400000006       80.7722244       40.3858070       69.1862259       35.8600502    
          0.409999996       72.2713547       36.7218475       63.4901695       32.5844727    
          0.419999987       66.4394302       34.1441422       59.2090187       30.0560913    
          0.430000007       60.3593903       31.7890320       54.6772614       27.4099293    
          0.439999998       59.1642265       31.1275921       53.6226845       26.8243351    
          0.449999988       53.7620392       29.1409302       49.3965149       24.4875164    
          0.460000008       48.9549294       27.5618896       45.5168800       22.3510494    
          0.469999999       47.9855652       27.2581787       44.6353149       22.0905895    
          0.479999989       43.7826118       25.9874325       41.0822067       20.1774273    
          0.490000010       39.9776001       24.9737606       37.7501106       18.4222927    
          0.500000000       39.1859856       24.5188236       37.0164680       18.0484295    
          0.509999990       35.9446220       23.8157101       34.0777321       16.5150661    
          0.519999981       32.8705902       23.1827393       31.1866608       15.0730867    
          0.529999971       32.2197075       22.7718353       30.5788555       14.7613420    
          0.540000021       29.6092739       22.3888474       28.0413055       13.5516863    
          0.550000012       27.2901707       22.0931797       25.7168369       12.4477797    
          0.560000002       26.7497921       21.7363796       25.2144527       12.2110519    
          0.569999993       24.6928768       21.5628433       23.0887470       11.2366819    
          0.579999983       22.7712021       21.4237728       21.0580521       10.3350439    
          0.589999974       22.3202915       21.0942478       20.6458378       10.1469498    
          0.600000024       20.6155853       21.0383663       18.7963657       9.35570240    
          0.610000014       19.1544266       21.0997562       17.1623344       8.71487045    
          0.620000005       18.7751465       20.7944660       16.8258152       8.57125568    
          0.629999995       17.4025345       20.8535480       15.2639017       7.95784950    
          0.639999986       17.0579395       20.5632648       14.9643011       7.83510733    
          0.649999976       15.8588533       20.6334019       13.5820122       7.32083273    
          0.660000026       14.7864866       20.7089329       12.3388605       6.84649849    
          0.670000017       14.4936981       20.4159870       12.0963488       6.72022486    
          0.680000007       13.5216436       20.5307617       10.9423323       6.33982897    
          0.689999998       13.2539024       20.2591305       10.7270966       6.25951242    
          0.699999988       12.3868408       20.3837261       9.68628979       5.94112825    
          0.709999979       12.1415644       20.1187382       9.49561787       5.87190008    
          0.720000029       11.3669319       20.2434597       8.55874348       5.60637140    
          0.730000019       10.6595449       20.3658333       7.70032501       5.38529158    
          0.740000010       10.4484701       20.1113834       7.54859543       5.32869196    
          0.750000000       9.81120014       20.2390690       6.76902246       5.14793921    
          0.759999990       9.61692619       19.9864864       6.63556671       5.10298538    
          0.769999981       9.04503059       20.0980072       5.94075775       4.96278429    
          0.779999971       8.86592484       19.8496990       5.82356453       4.92332220    
          0.790000021       8.34974003       19.9822655       5.19923353       4.84649658    
          0.800000012       8.18440247       19.7379074       5.09661674       4.81149149    
          0.810000002       7.71967840       19.7960415       4.55407810       4.73525429    
          0.819999993       7.56681967       19.5563431       4.46415329       4.70414591    
          0.829999983       7.14280558       19.6263485       3.96490788       4.64953089    
          0.839999974       7.00136948       19.3915939       3.88658261       4.62246084    
          0.850000024       6.64416075       19.4715099       3.45539641       4.58633661    
          0.860000014       6.51259851       19.2394829       3.38710904       4.56097364    
          0.870000005       6.15960169       19.2817669       2.98675537       4.54625368    
          0.879999995       6.03763342       19.0537262       2.92770505       4.52285719    
          0.889999986       5.71475744       19.0814686       2.57077241       4.52433395    
          0.899999976       5.60159826       18.8661671       2.51992917       4.51117468    
          0.910000026       5.30555487       18.8888779       2.20115256       4.53221846    
          0.920000017       5.20049667       18.6684113       2.15760374       4.51100302    
          0.930000007       4.95085955       18.6897602       1.88571501       4.53527308    
          0.939999998       4.85282469       18.4465866       1.84839571       4.48844099    
          0.949999988       4.60116768       18.4338322       1.59603488       4.52388620    
          0.959999979       4.51005888       18.2211914       1.56443942       4.50395203    
          0.970000029       4.27781630       18.1988297       1.33953571       4.54723215    
          0.980000019       4.19310951       17.9897079       1.31301033       4.52693701    
          0.990000010       3.99607778       17.9557819       1.12686634       4.56770754    
           1.00000000       3.91695023       17.7508717       1.10454667       4.54766417    
           1.00999999       3.71595097       17.6951904      0.931593895       4.60211945    
           1.01999998       3.64237094       17.4941177      0.913138211       4.58140802    
           1.02999997       3.47274661       17.4445591      0.765389740       4.62971115    
           1.03999996       3.40398216       17.2509670      0.750222862       4.60953760    
           1.04999995       3.22926354       17.1717587      0.615737915       4.66908407    
           1.05999994       3.16531968       16.9773579      0.603533089       4.64590216    
           1.07000005       3.10264230       16.7868824      0.591569245       4.62411642    
           1.08000004       2.95820355       16.7208614      0.479014248       4.67636442    
           1.09000003       2.89962554       16.5340595      0.469515473       4.65387106    
           1.10000002       2.76869583       16.4961243      0.359014183       4.70849752    
           1.11000001       2.71387267       16.3125992      0.351895332       4.68539667    
           1.12000000       2.58745646       16.2315693      0.265198559       4.73902273    
           1.13000000       2.53622150       16.0516472      0.259939045       4.71500015    
           1.13999999       2.40448570       15.9489546      0.182430103       4.77781153    
           1.14999998       2.35687327       15.7605772      0.178810596       4.77765989    
           1.15999997       2.31020451       15.5870590      0.175263718       4.75221395    
           1.16999996       2.20130324       15.4968185      0.111013092       4.80625963    
           1.17999995       2.15771508       15.3253708      0.108810902       4.77970171    
           1.19000006       2.05661035       15.2351656       5.04608154E-02   4.82926178    
           1.20000005       2.01588702       15.0687456       4.94592190E-02   4.80206823    
           1.21000004       1.85935366       14.4958467      0.125960514       4.80607605    
           1.22000003       1.82253551       14.3401108      0.123460136       4.77799988    
           1.23000002       1.78644705       14.1863279      0.121009506       4.74995422    
           1.24000001       1.75452042       14.5305395      -3.75039577E-02   4.84115839    
           1.25000000       1.71977901       14.3734770      -3.67593765E-02   4.81233454    
           1.25999999       1.64603174       14.2793684      -7.16269016E-02   4.84914780    
           1.26999998       1.61343849       14.1254692      -7.02044144E-02   4.81954575    
           1.27999997       1.58148992       13.9734735      -6.88107833E-02   4.78997183    
           1.28999996       1.50268459       13.8551941      -9.58625451E-02   4.83143091    
           1.29999995       1.47292900       13.7067261      -9.39590111E-02   4.80105734    
           1.30999994       1.40282023       13.6152496     -0.123256527       4.84382296    
           1.32000005       1.37504208       13.4696550     -0.120808840       4.81249380    
           1.33000004       1.34781456       13.3260489     -0.118409239       4.78144312    
           1.34000003       1.28791320       13.2221756     -0.138059929       4.81099653    
           1.35000002       1.26241052       13.0792799     -0.135317639       4.77923441    
           1.36000001       1.19989014       12.9746704     -0.153910562       4.81620979    
           1.37000000       1.17613089       12.8373060     -0.150852755       4.78387308    
           1.38000000       1.15284181       12.7015991     -0.147855833       4.75161171    
           1.38999999       1.09899223       12.5853834     -0.158894226       4.77505541    
           1.39999998       1.07723069       12.4566259     -0.155737281       4.73479509    
           1.40999997       1.02689564       12.3441954     -0.165402010       4.75711918    
           1.41999996       1.00656140       12.1970549     -0.162115335       4.72293377    
           1.42999995      0.986630380       12.0692644     -0.158893779       4.68990898    
           1.44000006      0.929789305       11.9208021     -0.160691977       4.71216631    
           1.45000005      0.911378324       11.7945833     -0.157498240       4.67808771    
           1.46000004      0.893331826       11.6718674     -0.154367998       4.64474916    
           1.47000003      0.851374865       11.5698929     -0.161497831       4.66337395    
           1.48000002      0.834516346       11.4498863     -0.158287719       4.62961578    
           1.49000001      0.792840779       11.3334837     -0.161303118       4.64393187    
           1.50000000      0.777141273       11.2164116     -0.158096746       4.60986185    
           1.50999999      0.761752844       11.1002073     -0.154953912       4.57545424    
           1.51999998      0.723577499       10.9889984     -0.157270074       4.58817911    
           1.52999997      0.709249675       10.8758974     -0.154143497       4.55381584    
           1.53999996      0.695205510       10.7642851     -0.151078895       4.51980782    
           1.54999995      0.660252810       10.6578197     -0.152774811       4.53090191    
           1.55999994      0.647178948       10.5488520     -0.149737194       4.49664879    
           1.57000005      0.618174851       10.4386902     -0.150650099       4.49956179    
           1.58000004      0.605934441       10.3322840     -0.147654340       4.46516514    
           1.59000003      0.593936086       10.2271004     -0.144718215       4.43096447    
           1.60000002      0.561874509       10.1132011     -0.143202767       4.43666124    
           1.61000001      0.550748527       10.0106363     -0.140355051       4.40227365    
           1.62000000      0.539842963       9.75683689     -0.137563646       4.33592844    
           1.63000000      0.510499418       9.61152744     -0.135889694       4.31458044    
           1.63999999      0.500390708       9.51442146     -0.133187056       4.28065109    
           1.64999998      0.490482420       9.41582870     -0.130538091       4.24636841    
           1.65999997      0.468292952       9.32809258     -0.130518079       4.24592638    
           1.66999996      0.459020108       9.22566509     -0.127922043       4.20360041    
           1.67999995      0.449930906       9.13226986     -0.125377595       4.17065668    
           1.69000006      0.421799421       9.00814724     -0.119930863       4.16662073    
           1.70000005      0.413447261       8.88893032     -0.117545187       4.13172674    
           1.71000004      0.391288280       8.78292751     -0.113927662       4.12393808    
           1.72000003      0.383540064       8.69549084     -0.111661397       4.09058857    
           1.73000002      0.375945657       8.60906124     -0.109439828       4.05747032    
           1.74000001      0.357139081       8.47564793     -0.107513227       4.04096460    
           1.75000000      0.350067258       8.39163589     -0.105374277       4.00794983    
           1.75999999      0.343135446       8.30864429     -0.103277802       3.97525787    
           1.76999998      0.324445963       8.21161652      -9.99558568E-02   3.96607900    
           1.77999997      0.318021417       8.13066769      -9.79671106E-02   3.93344808    
           1.78999996      0.311724275       8.05062675      -9.60177779E-02   3.90106392    
           1.79999995      0.294037253       7.94833136      -9.41362604E-02   3.89811707    
           1.80999994      0.288214892       7.86955881      -9.22631398E-02   3.86501884    
           1.82000005      0.282507867       7.79255152      -9.04272571E-02   3.83306575    
           1.83000004      0.253483504       7.58808756      -7.45462701E-02   3.79353619    
           1.84000003      0.248464152       7.51455069      -7.30628893E-02   3.76195717    
           1.85000002      0.243544236       7.44077539      -7.16089234E-02   3.73266530    
           1.86000001      0.243225321       7.47421885      -8.21048543E-02   3.75165772    
           1.87000000      0.238409117       7.40077019      -8.04708675E-02   3.71934128    
           1.88000000      0.233688250       7.32927942      -7.88693726E-02   3.68843341    
           1.88999999      0.220524684       7.24710655      -7.60817602E-02   3.67727685    
           1.89999998      0.216158032       7.17686605      -7.45675266E-02   3.64618015    
           1.90999997      0.211877838       7.10485697      -7.30834380E-02   3.61533904    
           1.91999996      0.207682326       7.03546524      -7.16288611E-02   3.58473468    
           1.92999995      0.199247673       6.97430754      -7.08748102E-02   3.57288671    
           1.94000006      0.195302173       6.90714455      -6.94640577E-02   3.54250908    
           1.95000005      0.191434935       6.84069777      -6.80814385E-02   3.51236272    
           1.96000004      0.180523232       6.76549149      -6.55662641E-02   3.50050426    
           1.97000003      0.176948667       6.70059538      -6.42611459E-02   3.47053266    
           1.98000002      0.173444808       6.63639116      -6.29819930E-02   3.44080043    
           1.99000001      0.163467318       6.56418800      -6.06038682E-02   3.42874527    
           2.00000000      0.160230473       6.50152826      -5.93974590E-02   3.39925861    
