          0.100000001       1123.05310       892.814514       231.335205       167.607132    
          0.109999999       948.562561       741.653809       211.156128       151.938599    
          0.119999997       737.120850       560.805054       187.588547       134.969772    
          0.129999995       622.746399       464.663422       169.889420       121.158730    
          0.140000001       523.989685       382.920135       152.850418       108.096779    
          0.150000006       405.103485       285.374847       133.189621       93.0337753    
          0.159999996       341.438446       235.144852       119.277306       82.8936996    
          0.170000002       288.834229       193.806381       106.916504       73.2302017    
          0.180000007       243.363571       158.741257       95.2980042       64.4146347    
          0.189999998       205.938370       130.750656       85.0656815       56.8371849    
          0.200000003       173.671524       107.051003       75.7548981       49.9192467    
          0.209999993       147.128021       87.9843521       67.3845291       43.7071648    
          0.219999999       124.231964       71.9521866       59.8071938       38.1549759    
          0.230000004       105.492653       59.1639709       53.1297493       33.2889900    
          0.239999995       88.4336929       47.8208733       46.8639717       28.7437458    
          0.250000000       75.3351517       39.3721924       41.5968857       24.9497890    
          0.259999990       63.2994270       31.9119663       36.5899162       21.4406261    
          0.270000011       53.5763435       26.0999050       32.2873077       18.4527950    
          0.280000001       45.1827393       21.1000366       28.3796101       15.7087774    
          0.289999992       38.4280663       17.4224453       25.0406094       13.4829483    
          0.300000012       32.5760536       14.3619947       22.0114422       11.4799566    
          0.310000002       27.5382786       11.8790922       19.3036861       9.73058319    
          0.319999993       23.4940414       10.0084724       16.9808102       8.18844032    
          0.330000013       19.7360630       8.36979580       14.7928057       6.83995056    
          0.340000004       16.7542267       7.15308142       12.9509439       5.74036264    
          0.349999994       15.4661055       6.57292414       11.9661493       5.22387838    
          0.360000014       13.1950426       5.72795677       10.4836779       4.37797880    
          0.370000005       11.2183456       5.05618525       9.15558147       3.63641477    
          0.379999995       9.54540157       4.53811884       7.98963165       3.00365758    
          0.389999986       8.13214874       4.18566656       6.96104860       2.50397372    
          0.400000006       7.50691938       3.90115619       6.43012381       2.26343560    
          0.409999996       6.32569170       3.66551018       5.55710077       1.83815527    
          0.419999987       5.47659063       3.45509458       4.88058853       1.52512217    
          0.430000007       4.68566799       3.30454469       4.24456692       1.24395597    
          0.439999998       4.32541800       3.12772298       3.92028308       1.12930906    
          0.449999988       3.70158005       3.02482486       3.40100789      0.908190548    
          0.460000008       3.17431521       2.96393704       2.95138645      0.731772900    
          0.469999999       2.93026328       2.86884141       2.72567821      0.646901429    
          0.479999989       2.51790881       2.82154107       2.36261010      0.515794575    
          0.490000010       2.16519618       2.79231954       2.04455495      0.414155334    
          0.500000000       1.99872780       2.67788887       1.88806880      0.384347439    
          0.509999990       1.72662914       2.66425490       1.63695180      0.313134044    
          0.519999981       1.48701441       2.64628506       1.41083586      0.256032944    
          0.529999971       1.37268698       2.54277444       1.30278027      0.242467567    
          0.540000021       1.18800938       2.52637577       1.12509811      0.209243774    
          0.550000012       1.03119516       2.50747228      0.971744716      0.186229065    
          0.560000002      0.951912701       2.41302371      0.897276402      0.182381630    
          0.569999993      0.827543736       2.39672375      0.773783863      0.161733627    
          0.579999983      0.718699753       2.37587476      0.664629757      0.153174400    
          0.589999974      0.663443506       2.28787351      0.613672376      0.154435635    
          0.600000024      0.577087820       2.26630211      0.526162684      0.152333736    
          0.610000014      0.504960835       2.24002123      0.452444106      0.152800560    
          0.620000005      0.466137618       2.15787053      0.417740792      0.156109497    
          0.629999995      0.406898171       2.13136435      0.356893659      0.159605816    
          0.639999986      0.375614315       2.05403495      0.329512596      0.162969515    
          0.649999976      0.328874141       2.02316451      0.281657994      0.168017223    
          0.660000026      0.288778692       1.98884737      0.240976810      0.174581289    
          0.670000017      0.266576320       1.91490781      0.222482935      0.175643206    
          0.680000007      0.234214842       1.88102448      0.189537346      0.182360813    
          0.689999998      0.216207579       1.81223500      0.174988449      0.184961870    
          0.699999988      0.190296218       1.77755010      0.148808256      0.191528246    
          0.709999979      0.175665513       1.71233594      0.137383655      0.192487404    
          0.720000029      0.154880747       1.67662251      0.116617620      0.198076651    
          0.730000019      0.136783943       1.63991511       9.88110602E-02  0.203830317    
          0.740000010      0.126267478       1.57927227       9.12231281E-02  0.204072073    
          0.750000000      0.111661457       1.54237747       7.70383701E-02  0.208824158    
          0.759999990      0.103076540       1.48593915       7.11216107E-02  0.208143950    
          0.769999981       9.13010836E-02   1.44972479       5.99663742E-02  0.211991712    
          0.779999971       8.42815116E-02   1.39662457       5.53601347E-02  0.210642025    
          0.790000021       7.47520924E-02   1.36125851       4.65467870E-02  0.213755369    
          0.800000012       6.90048635E-02   1.31125522       4.29709256E-02  0.211548731    
          0.810000002       6.12963252E-02   1.28043008       3.61606069E-02  0.218270227    
          0.819999993       5.65836318E-02   1.23345363       3.33823264E-02  0.215405062    
          0.829999983       5.03023975E-02   1.19926894       2.79224142E-02  0.216241166    
          0.839999974       4.64349836E-02   1.15480006       2.57768724E-02  0.212473676    
          0.850000024       4.14996594E-02   1.12198365       2.15825289E-02  0.212301418    
          0.860000014       3.83090191E-02   1.07811832       1.99239720E-02  0.214185283    
          0.870000005       3.41225751E-02   1.04663181       1.65458433E-02  0.213644981    
          0.879999995       3.14991027E-02   1.00755835       1.52742080E-02  0.208703443    
          0.889999986       2.80783568E-02  0.976896286       1.26309944E-02  0.207106039    
          0.899999976       2.59195920E-02  0.941149890       1.16601596E-02  0.202777743    
          0.910000026       2.31200736E-02  0.912656128       9.59198643E-03  0.201341078    
          0.920000017       2.13425104E-02  0.879275560       8.85467138E-03  0.196870759    
          0.930000007       1.91347916E-02  0.851375341       7.28818169E-03  0.196013883    
          0.939999998       1.76636335E-02  0.820253670       6.72791339E-03  0.191425398    
          0.949999988       1.57723296E-02  0.794406116       5.47104282E-03  0.189221859    
          0.959999979       1.45596983E-02  0.759102046       5.05043752E-03  0.197166160    
          0.970000029       1.30057251E-02  0.734894276       4.07255301E-03  0.194260642    
          0.980000019       1.20057957E-02  0.708067179       3.75943817E-03  0.189203143    
          0.990000010       1.07753454E-02  0.685059071       3.03857215E-03  0.185915649    
           1.00000000       9.94689669E-03  0.660076201       2.80494033E-03  0.180936351    
           1.00999999       8.88692867E-03  0.638411939       2.22796481E-03  0.177736700    
           1.01999998       8.20367131E-03  0.614736736       2.05665152E-03  0.172430411    
           1.02999997       7.36613199E-03  0.594409764       1.62348803E-03  0.169014171    
           1.03999996       6.79979706E-03  0.572952569       1.49864610E-03  0.164239004    
           1.04999995       6.07511634E-03  0.553633988       1.15836912E-03  0.160966560    
           1.05999994       5.60803944E-03  0.533516467       1.06928684E-03  0.156349584    
           1.07000005       5.17687341E-03  0.514156163       9.87055129E-04  0.151837409    
           1.08000004       4.64842794E-03  0.486469477       7.52708234E-04  0.138040021    
           1.09000003       4.29103756E-03  0.468829840       6.94817223E-04  0.134049848    
           1.10000002       3.85867432E-03  0.453224421       5.00350900E-04  0.131095171    
           1.11000001       3.56200710E-03  0.436808735       4.61869262E-04  0.127239704    
           1.12000000       3.19831050E-03  0.421965986       3.27807385E-04  0.124287628    
           1.13000000       2.95241293E-03  0.406704187       3.02594766E-04  0.120575391    
           1.13999999       2.63605546E-03  0.392780215       1.99999500E-04  0.117757045    
           1.14999998       2.43338547E-03  0.378596276       1.84615303E-04  0.114188589    
           1.15999997       2.24629790E-03  0.364941865       1.70415267E-04  0.110714175    
           1.16999996       2.01576180E-03  0.352423787       1.01656267E-04  0.107934929    
           1.17999995       1.86078297E-03  0.339706063       9.38369558E-05  0.104609005    
           1.19000006       1.67030329E-03  0.328051001       4.09825407E-05  0.101916857    
           1.20000005       1.54188450E-03  0.316255599       3.78297009E-05   9.87437740E-02
           1.21000004       1.33933767E-03  0.303492069       9.07323920E-05   9.58369598E-02
           1.22000003       1.23636448E-03  0.292635173       8.37524422E-05   9.28290859E-02
           1.23000002       1.14130822E-03  0.282178611       7.73093998E-05   8.99074450E-02
           1.24000001       1.05563470E-03  0.273969918      -2.25648600E-05   8.77165869E-02
           1.25000000       9.74473718E-04  0.264163017      -2.08288748E-05   8.49269405E-02
           1.25999999       8.78371240E-04  0.255025268      -3.82222170E-05   8.25312138E-02
           1.26999998       8.10839178E-04  0.245911762      -3.52814859E-05   7.98870251E-02
           1.27999997       7.48498598E-04  0.237133518      -3.25672627E-05   7.73218572E-02
           1.28999996       6.69783971E-04  0.227585033      -4.27283412E-05   7.77042210E-02
           1.29999995       6.18288585E-04  0.219474331      -3.94410454E-05   7.51856267E-02
           1.30999994       5.54566621E-04  0.211895064      -4.87260986E-05   7.30130076E-02
           1.32000005       5.11929393E-04  0.204355165      -4.49772524E-05   7.06319883E-02
           1.33000004       4.72570391E-04  0.197091296      -4.15166141E-05   6.83250055E-02
           1.34000003       4.25270526E-04  0.190242961      -4.55875597E-05   6.62810504E-02
           1.35000002       3.92574206E-04  0.183492348      -4.20799661E-05   6.41053542E-02
           1.36000001       3.51402588E-04  0.177123070      -4.50745974E-05   6.21935837E-02
           1.37000000       3.24385561E-04  0.170848712      -4.16062721E-05   6.01422526E-02
           1.38000000       2.99445615E-04  0.164802715      -3.84049090E-05   5.81560619E-02
           1.38999999       2.68834614E-04  0.159054443      -3.88685912E-05   5.63708544E-02
           1.39999998       2.48165568E-04  0.151581958      -3.58777652E-05   5.26478775E-02
           1.40999997       2.22792965E-04  0.146301344      -3.58852449E-05   5.10261916E-02
           1.41999996       2.05663891E-04  0.141141579      -3.31239244E-05   4.93308790E-02
           1.42999995       1.89851664E-04  0.136168599      -3.05750291E-05   4.76901978E-02
           1.44000006       1.68494691E-04  0.131382704      -2.91202941E-05   4.62121032E-02
           1.45000005       1.55540256E-04  0.126757115      -2.68794156E-05   4.46694493E-02
           1.46000004       1.43581754E-04  0.122304142      -2.48109664E-05   4.31774072E-02
           1.47000003       1.28869317E-04  0.118061788      -2.44452913E-05   4.18214053E-02
           1.48000002       1.18961390E-04  0.113921225      -2.25641179E-05   4.04202901E-02
           1.49000001       1.06438652E-04  0.109954901      -2.16548997E-05   3.91394943E-02
           1.50000000       9.82552883E-05  0.106105559      -1.99884435E-05   3.78247760E-02
           1.50999999       9.07010472E-05  0.102394648      -1.84501787E-05   3.65534872E-02
           1.51999998       8.11382488E-05   9.88380536E-02  -1.76354606E-05   3.53867151E-02
           1.52999997       7.49000465E-05   9.53871012E-02  -1.62782671E-05   3.41944881E-02
           1.53999996       6.91414680E-05   9.20597687E-02  -1.50255119E-05   3.30418572E-02
           1.54999995       6.18411868E-05   8.88697505E-02  -1.43093321E-05   3.19803208E-02
           1.55999994       5.70866214E-05   8.57751891E-02  -1.32080850E-05   3.09001524E-02
           1.57000005       5.13527521E-05   8.28066692E-02  -1.25147444E-05   2.98956037E-02
           1.58000004       4.74045919E-05   7.99281821E-02  -1.15515622E-05   2.88841650E-02
           1.59000003       4.37599374E-05   7.71521032E-02  -1.06625330E-05   2.79065147E-02
           1.60000002       3.89868947E-05   7.44782463E-02  -9.93643607E-06   2.69992799E-02
           1.61000001       3.59894439E-05   7.18960166E-02  -9.17170109E-06   2.60840002E-02
           1.62000000       3.32224372E-05   6.91635907E-02  -8.46579405E-06   2.52149310E-02
           1.63000000       2.95870486E-05   6.65229037E-02  -7.87576937E-06   2.42321193E-02
           1.63999999       2.73122914E-05   6.42224029E-02  -7.26961071E-06   2.34093294E-02
           1.64999998       2.52124246E-05   6.19995259E-02  -6.71009320E-06   2.26139557E-02
           1.65999997       2.26699831E-05   5.98685853E-02  -6.31836019E-06   2.18694005E-02
           1.66999996       2.09270311E-05   5.78032844E-02  -5.83204974E-06   2.11258363E-02
           1.67999995       1.93180895E-05   5.58110029E-02  -5.38317045E-06   2.04074662E-02
           1.69000006       1.70555613E-05   5.38786948E-02  -4.84943484E-06   1.97334122E-02
           1.70000005       1.57442682E-05   5.13049401E-02  -4.47617640E-06   1.89250875E-02
           1.71000004       1.40327056E-05   4.95372005E-02  -4.08576807E-06   1.82956289E-02
           1.72000003       1.29538194E-05   4.78356667E-02  -3.77129254E-06   1.76718105E-02
           1.73000002       1.19578872E-05   4.60493900E-02  -3.48100662E-06   1.73585638E-02
           1.74000001       1.06981615E-05   4.44387756E-02  -3.22057645E-06   1.67479124E-02
           1.75000000       9.87564817E-06   4.29161526E-02  -2.97268343E-06   1.61766261E-02
           1.75999999       9.11637198E-06   4.12556678E-02  -2.74386912E-06   1.54336914E-02
           1.76999998       8.11785230E-06   3.98415774E-02  -2.50096241E-06   1.49181345E-02
           1.77999997       7.49372339E-06   3.84797603E-02  -2.30845490E-06   1.44089917E-02
           1.78999996       6.91757896E-06   3.71655114E-02  -2.13076305E-06   1.39172114E-02
           1.79999995       6.14508872E-06   3.58983390E-02  -1.96735436E-06   1.34540675E-02
           1.80999994       5.67263351E-06   3.46742161E-02  -1.81591952E-06   1.29946684E-02
           1.82000005       5.23649987E-06   3.34926993E-02  -1.67613928E-06   1.25509528E-02
           1.83000004       4.42489181E-06   3.23200859E-02  -1.30130468E-06   1.21241389E-02
           1.84000003       4.08468941E-06   3.12212706E-02  -1.20113612E-06   1.17101856E-02
           1.85000002       3.77064384E-06   3.01606506E-02  -1.10867666E-06   1.13104060E-02
           1.86000001       3.54640906E-06   2.91632768E-02  -1.19715060E-06   1.09364577E-02
           1.87000000       3.27374869E-06   2.81735733E-02  -1.10499730E-06   1.05629256E-02
           1.88000000       3.02205081E-06   2.72181481E-02  -1.01993646E-06   1.02021731E-02
           1.88999999       2.68574217E-06   2.62945145E-02  -9.26590019E-07   9.85931326E-03
           1.89999998       2.47925277E-06   2.54042242E-02  -8.55262272E-07   9.52256098E-03
           1.90999997       2.28863883E-06   2.45448258E-02  -7.89424746E-07   9.19739623E-03
           1.91999996       2.11268002E-06   2.37149987E-02  -7.28655493E-07   8.88333283E-03
           1.92999995       1.90884111E-06   2.29159128E-02  -6.78997992E-07   8.58415756E-03
           1.94000006       1.76207914E-06   2.21423507E-02  -6.26727342E-07   8.29106662E-03
           1.95000005       1.62660433E-06   2.13954356E-02  -5.78481377E-07   8.00801907E-03
           1.96000004       1.44456180E-06   2.06734464E-02  -5.24666802E-07   7.73841282E-03
           1.97000003       1.33349897E-06   1.99771952E-02  -4.84276825E-07   7.47426646E-03
           1.98000002       1.23097436E-06   1.93048716E-02  -4.46996410E-07   7.21917907E-03
           1.99000001       1.09259940E-06   1.86549742E-02  -4.05070296E-07   6.97599025E-03
           2.00000000       1.00859620E-06   1.80281289E-02  -3.73886792E-07   6.73794793E-03
