          0.100000001       845.600403       785.182434       174.183395       154.641556    
          0.109999999       731.522766       676.106384       162.841675       144.439285    
          0.119999997       582.397034       534.011780       148.213181       131.588440    
          0.129999995       504.233734       460.020752       137.558395       122.050354    
          0.140000001       434.915863       394.590546       126.867149       112.411011    
          0.150000006       344.771881       309.612061       113.353874       100.178345    
          0.159999996       298.046051       265.884918       104.118721       91.7630310    
          0.170000002       258.670135       229.184814       95.7507858       84.0985107    
          0.180000007       223.666748       196.715149       87.5849838       76.6895447    
          0.189999998       194.291092       169.690903       80.2546310       70.0862656    
          0.200000003       168.242523       145.828186       73.3867874       63.8861275    
          0.209999993       146.391373       125.911995       67.0471420       58.1531487    
          0.219999999       126.995422       108.339012       61.1375694       52.8266335    
          0.230000004       110.823845       93.7763290       55.8147240       48.0027504    
          0.239999995       95.5006943       80.0494766       50.6090088       43.3187447    
          0.250000000       83.6538315       69.5012512       46.1901054       39.3351097    
          0.259999990       72.2951508       59.5052795       41.7898560       35.4297485    
          0.270000011       62.9542503       51.3217163       37.9388237       31.9877720    
          0.280000001       54.6372490       44.0991859       34.3180504       28.7670441    
          0.289999992       47.8355408       38.2395782       31.1707325       25.9705143    
          0.300000012       41.7549553       33.0361366       28.2135677       23.3421535    
          0.310000002       36.3559456       28.4673672       25.4846592       20.9318638    
          0.319999993       31.9555969       24.7627716       23.0965786       18.8158894    
          0.330000013       27.6644516       21.2143173       20.7353840       16.7537575    
          0.340000004       24.2091618       18.3842411       18.7135792       14.9901972    
          0.349999994       23.0436764       17.4288998       17.8289280       14.2373228    
          0.360000014       20.2777061       15.1894178       16.1109695       12.7587729    
          0.370000005       17.7866993       13.2025709       14.5161867       11.3826599    
          0.379999995       15.6185579       11.4969435       13.0729475       10.1438246    
          0.389999986       13.7358017       10.0211983       11.7577286       9.00934505    
          0.400000006       13.0928421       9.52082443       11.2147989       8.56846809    
          0.409999996       11.3952894       8.24178982       10.0107279       7.55213308    
          0.419999987       10.1928177       7.33339691       9.08356285       6.77554131    
          0.430000007       9.01246929       6.46066141       8.16405010       6.00669432    
          0.439999998       8.60023689       6.14554214       7.79470634       5.71644592    
          0.449999988       7.61028147       5.42544031       6.99231958       5.05166149    
          0.460000008       6.75020361       4.81029654       6.27614450       4.45791197    
          0.469999999       6.44685698       4.56743336       5.99675131       4.23273087    
          0.479999989       5.73294401       4.06590796       5.37935019       3.72711921    
          0.490000010       5.10332251       3.63612175       4.81897306       3.27582479    
          0.500000000       4.87807798       3.46853447       4.60800505       3.12250900    
          0.509999990       4.36470795       3.12998652       4.13801432       2.74511552    
          0.519999981       3.89452100       2.80989718       3.69500828       2.38892484    
          0.529999971       3.72575951       2.68252945       3.53601813       2.27681637    
          0.540000021       3.34263682       2.43717551       3.16562629       1.99060011    
          0.550000012       3.00855255       2.22663569       2.83510327       1.73821223    
          0.560000002       2.88059974       2.12877560       2.71526408       1.65742815    
          0.569999993       2.59817004       1.95426619       2.42938447       1.44098723    
          0.579999983       2.34172797       1.80042076       2.16555238       1.23996460    
          0.589999974       2.24401975       1.72392464       2.07567501       1.18276727    
          0.600000024       2.02684307       1.59682715       1.84798443       1.01674724    
          0.610000014       1.84210014       1.49018478       1.65051854      0.873656929    
          0.620000005       1.76672280       1.42818010       1.58329260      0.832712173    
          0.629999995       1.60273015       1.33510745       1.40576744      0.706266165    
          0.639999986       1.53800833       1.28153646       1.34923792      0.673963368    
          0.649999976       1.40026295       1.20383668       1.19922841      0.569599926    
          0.660000026       1.27888179       1.13475847       1.06718695      0.479819924    
          0.670000017       1.22826922       1.08960128       1.02510583      0.456711054    
          0.680000007       1.12309039       1.03184748      0.908856094      0.379228085    
          0.689999998       1.07924771      0.992819130      0.873493195      0.362011284    
          0.699999988      0.989126384      0.943869293      0.773479283      0.297035426    
          0.709999979      0.951045811      0.908941269      0.743789434      0.283561796    
          0.720000029      0.873629272      0.867148101      0.657800078      0.229238704    
          0.730000019      0.804083347      0.829381287      0.580860078      0.181943417    
          0.740000010      0.773776472      0.799758434      0.559022129      0.173566103    
          0.750000000      0.713521004      0.767361104      0.492278218      0.133760855    
          0.759999990      0.687012374      0.740517676      0.474030495      0.127528116    
          0.769999981      0.634897351      0.712062597      0.416999340       9.47938338E-02
          0.779999971      0.611651838      0.687652886      0.401762217       9.02796164E-02
          0.790000021      0.566319168      0.662666023      0.352636784       6.31682500E-02
          0.800000012      0.545890033      0.640393674      0.339938313       6.00349493E-02
          0.810000002      0.506487727      0.617404461      0.298792839       3.85703631E-02
          0.819999993      0.488490790      0.597045541      0.288192123       3.65049839E-02
          0.829999983      0.453843921      0.577111006      0.251924723       1.82824135E-02
          0.839999974      0.437962562      0.562706828      0.243120715       2.27562990E-02
          0.850000024      0.409290701      0.543138206      0.212857798       4.95131826E-03
          0.860000014      0.395189762      0.525542080      0.205532506       4.96260310E-03
          0.870000005      0.368286014      0.508924901      0.178579763      -7.44624948E-03
          0.879999995      0.355796665      0.492757231      0.172529146      -7.02838087E-03
          0.889999986      0.332014829      0.477585524      0.149356231      -1.70082245E-02
          0.899999976      0.320935339      0.462904602      0.144375607      -1.66988373E-02
          0.910000026      0.299849719      0.449039817      0.124400757      -2.46858392E-02
          0.920000017      0.290006042      0.435465574      0.120318912      -2.40669250E-02
          0.930000007      0.272491843      0.423163652      0.103788435      -3.07587590E-02
          0.939999998      0.263693839      0.410370380      0.100438528      -3.01104393E-02
          0.949999988      0.246903494      0.398423672       8.56448933E-02  -3.49542089E-02
          0.959999979      0.239065528      0.386269718       8.29265490E-02  -3.44289728E-02
          0.970000029      0.224054813      0.375224859       7.01594949E-02  -3.81129570E-02
          0.980000019      0.217063591      0.364405960       6.79702535E-02  -3.69874239E-02
          0.990000010      0.204514921      0.353350163       5.76717854E-02  -4.07819934E-02
           1.00000000      0.198244497      0.343307257       5.59032671E-02  -3.95776443E-02
           1.00999999      0.186040118      0.332619220       4.66405153E-02  -4.20521498E-02
           1.01999998      0.180437103      0.323304653       4.52353843E-02  -4.08118963E-02
           1.02999997      0.170271397      0.314836740       3.75276506E-02  -4.19862457E-02
           1.03999996      0.165235862      0.306220293       3.64172645E-02  -4.07568403E-02
           1.04999995      0.155235305      0.295100778       2.95993984E-02  -3.68067808E-02
           1.05999994      0.150728777      0.287076205       2.87395120E-02  -3.57229114E-02
           1.07000005      0.146393999      0.279320657       2.79123876E-02  -3.46803665E-02
           1.08000004      0.138342038      0.272067577       2.24013682E-02  -3.50114107E-02
           1.09000003      0.134438813      0.264822751       2.17687245E-02  -3.40010524E-02
           1.10000002      0.127302185      0.258771598       1.65071636E-02  -3.43527608E-02
           1.11000001      0.123779774      0.251978785       1.60499606E-02  -3.33748460E-02
           1.12000000      0.117099367      0.245436117       1.20019810E-02  -3.31090502E-02
           1.13000000      0.113923013      0.239084437       1.16760386E-02  -3.21817808E-02
           1.13999999      0.107228667      0.232228801       8.13551247E-03  -3.15252729E-02
           1.14999998      0.104378484      0.226304367       7.91895390E-03  -3.06580067E-02
           1.15999997      0.101632498      0.220569834       7.71034276E-03  -2.98250522E-02
           1.16999996       9.62257683E-02  0.214829400       4.85273218E-03  -2.91965902E-02
           1.17999995       9.37467813E-02  0.209460497       4.72753262E-03  -2.84202099E-02
           1.19000006       8.88355374E-02  0.204189718       2.17966735E-03  -2.77366936E-02
           1.20000005       8.65953937E-02  0.199161187       2.12459755E-03  -2.70166788E-02
           1.21000004       7.94522688E-02  0.184090778       5.38243353E-03  -2.29362044E-02
           1.22000003       7.74921030E-02  0.179621652       5.24938619E-03  -2.23568678E-02
           1.23000002       7.56014735E-02  0.175291538       5.12105739E-03  -2.18010638E-02
           1.24000001       7.39229918E-02  0.179690003      -1.58014894E-03  -2.39369068E-02
           1.25000000       7.21598268E-02  0.175421193      -1.54238439E-03  -2.33590212E-02
           1.25999999       6.87994063E-02  0.171298459      -2.99380231E-03  -2.26070080E-02
           1.26999998       6.71960637E-02  0.167288661      -2.92385626E-03  -2.20792890E-02
           1.27999997       6.56485111E-02  0.163401648      -2.85637379E-03  -2.15733554E-02
           1.28999996       6.21891357E-02  0.158942357      -3.96730239E-03  -2.05876529E-02
           1.29999995       6.07909113E-02  0.155304685      -3.87788564E-03  -2.01336946E-02
           1.30999994       5.77551462E-02  0.151623741      -5.07456297E-03  -1.92887578E-02
           1.32000005       5.64881749E-02  0.148206487      -4.96295327E-03  -1.88812222E-02
           1.33000004       5.52645214E-02  0.144892588      -4.85514337E-03  -1.84909794E-02
           1.34000003       5.27229272E-02  0.141421959      -5.65171754E-03  -1.76969077E-02
           1.35000002       5.16097695E-02  0.138309970      -5.53204119E-03  -1.73486974E-02
           1.36000001       4.90018427E-02  0.134850547      -6.28548861E-03  -1.64496005E-02
           1.37000000       4.79940772E-02  0.131931141      -6.15580892E-03  -1.61434915E-02
           1.38000000       4.70201969E-02  0.129099250      -6.03049481E-03  -1.58509910E-02
           1.38999999       4.48140018E-02  0.125814542      -6.47929078E-03  -1.50311487E-02
           1.39999998       4.39292528E-02  0.123159759      -6.35093683E-03  -1.47759020E-02
           1.40999997       4.18908447E-02  0.120098807      -6.74735755E-03  -1.39879687E-02
           1.41999996       4.10868041E-02  0.117579080      -6.61737984E-03  -1.37972832E-02
           1.42999995       4.03094850E-02  0.114947744      -6.49172068E-03  -1.36033790E-02
           1.44000006       3.80320996E-02  0.111193150      -6.57293946E-03  -1.25646340E-02
           1.45000005       3.73334847E-02  0.108915485      -6.45171851E-03  -1.23184724E-02
           1.46000004       3.66579480E-02  0.106741510      -6.33450365E-03  -1.21545987E-02
           1.47000003       3.50068845E-02  0.104253262      -6.64047664E-03  -1.14745200E-02
           1.48000002       3.43927033E-02  0.102213293      -6.52346900E-03  -1.13380551E-02
           1.49000001       3.27595510E-02   9.95756090E-02  -6.66491454E-03  -1.06173009E-02
           1.50000000       3.22028250E-02   9.76669714E-02  -6.55114418E-03  -1.05072213E-02
           1.50999999       3.16644385E-02   9.58159789E-02  -6.44110283E-03  -1.04038464E-02
           1.51999998       3.01806182E-02   9.34168920E-02  -6.55977940E-03  -9.73178912E-03
           1.52999997       2.96926498E-02   9.16852355E-02  -6.45320117E-03  -9.65197384E-03
           1.53999996       2.92207953E-02   9.00063515E-02  -6.35013217E-03  -9.57786012E-03
           1.54999995       2.78701261E-02   8.78242180E-02  -6.44882163E-03  -8.94955266E-03
           1.55999994       2.74425671E-02   8.62542763E-02  -6.34936243E-03  -8.89646541E-03
           1.57000005       2.63393316E-02   8.43469128E-02  -6.41893363E-03  -8.39519966E-03
           1.58000004       2.59497892E-02   8.28774497E-02  -6.32345164E-03  -8.35974049E-03
           1.59000003       2.55731642E-02   8.14538002E-02  -6.23114780E-03  -8.32861662E-03
           1.60000002       2.43300069E-02   7.93304965E-02  -6.20089239E-03  -7.71490717E-03
           1.61000001       2.39903126E-02   7.80050233E-02  -6.11379230E-03  -7.70170474E-03
           1.62000000       2.36619953E-02   7.67218471E-02  -6.02958864E-03  -7.69215822E-03
           1.63000000       2.25217361E-02   7.44726732E-02  -5.99505613E-03  -7.24690175E-03
           1.63999999       2.22259816E-02   7.32854083E-02  -5.91580430E-03  -7.25058699E-03
           1.64999998       2.19402257E-02   7.21370876E-02  -5.83922258E-03  -7.25746155E-03
           1.65999997       2.11019665E-02   7.07237646E-02  -5.88133698E-03  -6.85115159E-03
           1.66999996       2.08423417E-02   6.96535110E-02  -5.80845028E-03  -6.87080109E-03
           1.67999995       2.05916651E-02   6.86196312E-02  -5.73806465E-03  -6.89329719E-03
           1.69000006       1.94627400E-02   6.65426850E-02  -5.53387264E-03  -6.30562985E-03
           1.70000005       1.92394312E-02   6.50641844E-02  -5.46986982E-03  -6.26910711E-03
           1.71000004       1.83681175E-02   6.34450316E-02  -5.34806773E-03  -5.83805144E-03
           1.72000003       1.81675274E-02   6.25782833E-02  -5.28917788E-03  -5.88600338E-03
           1.73000002       1.79741848E-02   6.17435537E-02  -5.23238117E-03  -5.93614345E-03
           1.74000001       1.72394067E-02   6.04780130E-02  -5.18975407E-03  -5.56663191E-03
           1.75000000       1.70654822E-02   5.97095378E-02  -5.13690710E-03  -5.62645495E-03
           1.75999999       1.68980416E-02   5.89711964E-02  -5.08601731E-03  -5.68834459E-03
           1.76999998       1.61450170E-02   5.76159544E-02  -4.97398572E-03  -5.30727208E-03
           1.77999997       1.59955565E-02   5.69422357E-02  -4.92745964E-03  -5.37809730E-03
           1.78999996       1.58519298E-02   5.62971570E-02  -4.88273427E-03  -5.45091182E-03
           1.79999995       1.51218222E-02   5.51808663E-02  -4.84126201E-03  -5.04131382E-03
           1.80999994       1.49944201E-02   5.45952432E-02  -4.80000302E-03  -5.12322551E-03
           1.82000005       1.48722632E-02   5.40369786E-02  -4.76042740E-03  -5.20708645E-03
           1.83000004       1.35067552E-02   5.07957041E-02  -3.97216342E-03  -4.54648584E-03
           1.84000003       1.34042380E-02   5.03141396E-02  -3.94162489E-03  -4.63726139E-03
           1.85000002       1.33062126E-02   4.98581342E-02  -3.91240558E-03  -4.72988700E-03
           1.86000001       1.34618608E-02   5.11144958E-02  -4.54428000E-03  -4.75560362E-03
           1.87000000       1.33708986E-02   5.06946556E-02  -4.51311516E-03  -4.85647703E-03
           1.88000000       1.32842651E-02   5.03005534E-02  -4.48341481E-03  -4.95944917E-03
           1.88999999       1.27099045E-02   4.93835397E-02  -4.38495912E-03  -4.65055322E-03
           1.89999998       1.26346340E-02   4.90431972E-02  -4.35854075E-03  -4.76054102E-03
           1.90999997       1.25633255E-02   4.87282388E-02  -4.33349237E-03  -4.87278169E-03
           1.91999996       1.24959080E-02   4.84385341E-02  -4.30979254E-03  -4.98740375E-03
           1.92999995       1.21683711E-02   4.80764173E-02  -4.32843762E-03  -4.82595945E-03
           1.94000006       1.21098692E-02   4.78370972E-02  -4.30717552E-03  -4.94754314E-03
           1.95000005       1.20550171E-02   4.76231985E-02  -4.28721355E-03  -5.07180393E-03
           1.96000004       1.15482314E-02   4.69184816E-02  -4.19433229E-03  -4.79212916E-03
           1.97000003       1.15023563E-02   4.67568189E-02  -4.17722436E-03  -4.92349267E-03
           1.98000002       1.14598796E-02   4.66208458E-02  -4.16135835E-03  -5.05785411E-03
           1.99000001       1.09812059E-02   4.60076779E-02  -4.07117093E-03  -4.78967791E-03
           2.00000000       1.09467795E-02   4.59241085E-02  -4.05797223E-03  -4.93128086E-03
