90063
90073
90078
90079
90086
90095
90098
90099
90104
90114
90115
90119
90123
90129
90135
90141
90149
90156
90161
90166
90167
90172
90178
90184
90191
90192
90198
90209
90213
90218
90219
90223
90229
90234
90240
90244
90249
90252
90267
90272
90279
90281
90289
90293
90297
90302
90303
90307
90311
90315
90319
90324
90328
90332
90336
90344
90349
90357
90366
90371
90377
90383
90394
90399
90403
90408
90413
90418
90420
90426
90432
90438
90440
90445
90449
90458
90469
90477
90481
90486
90487
90494
90495
90499
90500
90515
90520
90525
90530
90535
90536
90559
90561
90563
90564
90567
90569
90571
90572
90574
90576
90577
90583
90586
90587
90589
90595
90597
90599
90601
90602
90607
90611
90623
90625
90627
90633

