90061
90071
90076
90085
90093
90094
90103
90107
90108
90118
90122
90128
90133
90134
90147
90148
90154
90155
90160
90165
90171
90177
90182
90183
90190
90195
90208
90212
90217
90222
90227
90232
90233
90243
90248
90264
90271
90278
90285
90286
90287
90292
90296
90301
90306
90310
90314
90318
90323
90327
90331
90335
90340
90341
90348
90355
90363
90364
90365
90370
90376
90381
90386
90397
90398
90402
90407
90411
90416
90417
90424
90430
90431
90436
90437
90444
90448
90453
90457
90476
90480
90484
90493
90498
90513
90514
90518
90519
90523
90524
90528
90534
