 5.80  6.00 0.0000 0.0000
 6.00  6.20 0.0614 0.0956
 6.20  6.40 0.1087 0.0512
 6.40  6.60 0.0971 0.0448
 6.60  6.80 0.0763 0.0346
 6.80  7.00 0.0629 0.0332
 7.00  7.20 0.0517 0.0262
 7.20  7.40 0.0413 0.0136
 7.40  7.60 0.1486 0.0173
 7.60  7.80 0.1490 0.0120
 7.80  8.00 0.2020 0.0089
 8.00  8.20 0.2395 0.0068
 8.20  8.40 0.2812 0.0045
 8.40  8.60 0.3042 0.0042
 8.60  8.80 0.2247 0.0060
 8.80  9.00 0.0528 0.0096
 9.00  9.20 0.0443 0.0094
 9.20  9.40 0.0521 0.0095
 9.40  9.60 0.0744 0.0092
 9.60  9.80 0.0376 0.0111
 9.80 10.00 0.0290 0.0113
10.00 10.20 0.0132 0.0118
10.20 10.40 0.0359 0.0113
10.40 10.60 0.0282 0.0189
10.60 10.80 0.0576 0.0388
