90064
90074
90080
90081
90087
90100
90101
90105
90116
90120
90124
90130
90131
90136
90137
90142
90143
90144
90150
90157
90162
90163
90168
90174
90175
90179
90185
90193
90199
90210
90214
90220
90225
90230
90241
90245
90246
90253
90262
90268
90273
90276
90282
90290
90294
90298
90304
90308
90312
90316
90320
90325
90329
90333
90337
90345
90350
90358
90367
90372
90373
90378
90384
90395
90400
90404
90409
90414
90421
90427
90433
90441
90442
90446
90450
90470
90471
90478
90482
90488
90496
90501
90502
90503
90516
90521
90526
90531
90558
90560
90562
90565
90568
90570
90573
90575
90579
90580
90581
90582
90584
90585
90588
90590
90591
90592
90593
90596
90598
90600
90608
90610
90613
90617
90618
90619
90621
90622
90624
90626
90628
90629
90630
