90059
90070
90075
90082
90084
90090
90092
90102
90106
90117
90121
90126
90127
90132
90138
90139
90145
90146
90152
90153
90158
90159
90164
90170
90181
90186
90189
90194
90200
90202
90203
90204
90205
90206
90211
90215
90221
90226
90231
90242
90247
90263
90269
90270
90277
90283
90284
90291
90295
90299
90300
90305
90309
90313
90317
90321
90322
90326
90330
90334
90338
90339
90347
90351
90354
90359
90360
90361
90362
90368
90369
90374
90375
90380
90385
90396
90401
90405
90410
90415
90422
90428
90429
90434
90443
90447
90452
90475
90479
90483
90489
90491
90492
90497
90504
90506
90507
90509
90510
90511
90512
90517
90522
90527
90533
