90070
90071
90072
90073
90074
90075
90076
90077
90078
90079
90080
90081
90082
90084
90085
90086
90087
90088
90090
90091
90092
90093
90094
90095
90098
90099
90100
90101
90102
90103
90104
90105
90106
90107
90108
90114
90115
90116
90117
90118
90119
90120
90121
90122
90123
90124
90125
90126
90127
90128
90129
90130
90131
90132
90133
90134
90135
90136
90137
90138
90139
90140
90141
90142
90143
90145
90146
90147
90148
90149
90150
90152
90153
90154
90155
90156
90157
90158
90159
90160
90161
90162
90163
90164
90165
90166
90167
90168
90169
90170
90171
90172
90174
90175
90176
90177
90178
90179
90181
90182
90183
90184
90185
90186
90189
90190
90191
90192
90193
90194
90195
90198
90199
90200
90207
90208
90209
90210
90211
90212
90213
90214
90215
90217
90218
90219
90220
90221
90222
90223
90225
90226
90227
90228
90229
90230
90231
90232
90233
90234
90240
90241
90242
90243
90244
90245
90246
90247
90248
90249
90262
90263
90264
90265
90266
90267
90268
90269
90270
90271
90272
90273
90276
90277
90278
90279
90281
90282
90283
90284
90285
90286
90287
90288
90289
90290
90291
90292
90293
90294
90295
90296
90297
90298
90299
90300
90301
90302
90303
90304
90305
90306
90307
90308
90309
90310
90311
90312
90313
90314
90315
90316
90317
90318
90319
90320
90321
90322
90323
90324
90325
90326
90327
90328
90329
90330
90331
90332
90333
90334
90335
90336
90337
90338
90339
90340
90341
90342
90343
90344
90345
90347
90348
90349
90350
90351
90354
90355
90357
90358
90359
90360