  1      1    10.6098289120    10.6137803325    10.6177317530    6.2126858559945477e-03    2.4503101781304521e-05
  2      2    10.6012774110    10.6058937080    10.6105100050    8.4645652988769738e-03    2.8385888239980429e-05
  3      3    10.5917961640    10.5961097530    10.6004233420    8.1708546667893008e-03    2.7553232953788870e-05
  4      4    10.5805419130    10.5855636225    10.5905853320    1.1177088784239663e-02    3.2033490037026741e-05
  5      5    10.5714606730    10.5761526470    10.5808446210    1.0852121257700366e-02    3.1308666961073751e-05
  6      6    10.5613307660    10.5667957265    10.5722606870    1.4557590146268781e-02    3.6053863815407897e-05
  7      7    10.5490927140    10.5542171280    10.5593415420    1.4624708236225177e-02    3.5817007027750722e-05
  8      8    10.5371898030    10.5431466640    10.5491035250    1.9182584683582523e-02    4.0807609904277795e-05
  9      9    10.5245517440    10.5301302200    10.5357086960    1.9193034275349140e-02    4.0482460723062643e-05
 10     10    10.5123677470    10.5188489415    10.5253301360    2.3681719778531698e-02    4.4830639040382483e-05
 11     11    10.4998053650    10.5058811470    10.5119569290    2.4131366371993104e-02    4.4901397503931893e-05
 12     12    10.4830266930    10.4900754650    10.4971242370    2.8251056652294246e-02    4.8404827043683212e-05
 13     13    10.4686588740    10.4752752060    10.4818915380    2.8163752876595012e-02    4.8001373095764512e-05
 14     14    10.4537937490    10.4614533425    10.4691129360    3.4197293269500127e-02    5.2676963950286138e-05
 15     15    10.4388529470    10.4460422620    10.4532315770    3.2286696786449957e-02    5.0920478159467798e-05
 16     16    10.4208093880    10.4291014250    10.4373934620    3.9902291131279639e-02    5.6256472078324021e-05
 17     17    10.4037280080    10.4115119280    10.4192958480    3.9257288381687690e-02    5.5370238629581122e-05
 18     18    10.3854466070    10.3944251425    10.4034036780    4.4758400954754439e-02    5.8897181578121925e-05
 19     19    10.3676949450    10.3761221195    10.3845492940    4.5096584590254771e-02    5.8679280906203949e-05
 20     20    10.3476081070    10.3573109795    10.3670138520    6.1838832772052231e-02    6.7961206553626642e-05
 21     21    10.3275104580    10.3366295365    10.3457486150    5.8716609520314225e-02    6.5759090018632175e-05
 22     22    10.3064938740    10.3169805440    10.3274672140    5.1208438322405396e-02    6.1177140840739408e-05
 23     23    10.2899854770    10.2974666890    10.3049479010    5.0352291004978414e-02    6.0223991585329846e-05
 24     24    10.2716067770    10.2801150340    10.2886232910    7.1030573664714089e-02    7.0691746310121942e-05
 25     25    10.2556281190    10.2635687985    10.2715094780    7.2668946806243293e-02    7.0904277650107682e-05
 26     26    10.2352385730    10.2442549470    10.2532713210    8.4549626617547974e-02    7.6087560779004279e-05
 27     27    10.2190545060    10.2274816805    10.2359088550    7.4565059115704199e-02    7.1132669333070085e-05
 28     28    10.1995190290    10.2090759530    10.2186328770    8.2375468589140494e-02    7.4443252147513500e-05
 29     29    10.1804376140    10.1893729055    10.1983081970    7.5905429823970708e-02    7.1078095613430868e-05
 30     30    10.1581345210    10.1682536170    10.1783727130    8.8173007823660235e-02    7.6089105647291164e-05
 31     31    10.1375936210    10.1470694625    10.1565453040    8.9861322873405911e-02    7.6095606146850455e-05
 32     32    10.1159499990    10.1266204560    10.1372909130    1.0449208521906028e-01    8.1490941016084087e-05
 33     33    10.0928793250    10.1028957165    10.1129121080    9.6782872615752941e-02    7.7926393027208989e-05
 34     34    10.0716573320    10.0829223940    10.0941874560    1.0067426691896332e-01    7.9092394544375680e-05
 35     35    10.0489434210    10.0595327955    10.0701221700    9.1581298227270069e-02    7.4980442456728012e-05
 36     36    10.0225429590    10.0344783030    10.0464136470    9.9105121192689244e-02    7.7536167295746901e-05
 37     37     9.9984128070    10.0095913810    10.0207699550    8.8177909669822335e-02    7.2675464176166326e-05
 38     38     9.9722393760     9.9848395965     9.9974398170    9.6603982998978502e-02    7.5523488728841510e-05
 39     39     9.9484443650     9.9602553825     9.9720664000    9.1686159747612114e-02    7.2947632645744472e-05
 40     40     9.9194168300     9.9327035490     9.9459902680    1.0666899938906285e-01    7.7912288387114897e-05
 41     41     9.9036327700     9.9113788515     9.9191249330    6.1240365617792933e-02    5.8571496167524274e-05
 42     42     9.8858378640     9.8944542310     9.9030705980    7.0490930820838571e-02    6.2523723058012428e-05
 43     43     9.8689402710     9.8769512220     9.8849621730    6.4418210985214427e-02    5.9444457413218883e-05
 44     44     9.8508750900     9.8597725430     9.8686699960    7.0093770510490511e-02    6.1751421723118746e-05
 45     45     9.8332423490     9.8415127640     9.8497831790    6.3933399827228066e-02    5.8688662638374291e-05
 46     46     9.8134041640     9.8225881085     9.8317720530    6.8421658945757746e-02    6.0424121790688323e-05
 47     47     9.7956525020     9.8041931920     9.8127338820    6.1846319404016262e-02    5.7185126910678854e-05
 48     48     9.7756737740     9.7851442100     9.7946146460    6.7620646484971819e-02    5.9538928047607646e-05
 49     49     9.7566139810     9.7654303515     9.7742467220    6.1614225047176577e-02    5.6537910882998082e-05
 50     50     9.7358676720     9.7456462215     9.7554247710    6.5799336091320854e-02    5.8179931277465442e-05
 51     51     9.7170673430     9.7261702050     9.7352730670    6.0550303979855648e-02    5.5515969981158423e-05
 52     52     9.6947642500     9.7048563185     9.7149483870    6.7308275631678224e-02    5.8246609890341007e-05
 53     53     9.6750666080     9.6844775835     9.6938885590    5.7682179351116060e-02    5.3664619224486770e-05
 54     54     9.6535419070     9.6639366835     9.6743314600    6.7741576527134695e-02    5.7884298689409981e-05
 55     55     9.6333361480     9.6430390205     9.6527418930    6.2912341306190583e-02    5.5469790064790704e-05
 56     56     9.6121465880     9.6228711000     9.6335956120    6.9451637343136752e-02    5.8013932460596436e-05
 57     57     9.5898326840     9.5998436700     9.6098546560    6.6915718360454471e-02    5.6530910426147865e-05
 58     58     9.5667620100     9.5778162575     9.5888705050    7.7328801082866744e-02    6.0356700095468844e-05
 59     59     9.5461670550     9.5564915600     9.5668160650    7.5055804597328177e-02    5.9013145524152094e-05
 60     60     9.5218206830     9.5331992605     9.5445778380    9.2399327712945956e-02    6.4906411073479365e-05
 61     61     9.4992365040     9.5098637170     9.5204909300    8.8368685471204508e-02    6.2988310748765371e-05
 62     62     9.4750631080     9.4867822320     9.4985013560    8.2199549670989261e-02    6.0434202895145249e-05
 63     63     9.4526194720     9.4635818260     9.4745441800    9.6139483386681573e-02    6.4955898771315378e-05
 64     64     9.4265325290     9.4386084160     9.4506843030    1.0252601729686980e-01    6.6698871665615410e-05
 65     65     9.4081322070     9.4171161480     9.4261000890    7.7635076194190730e-02    5.7745613085060228e-05
 66     66     9.3878615820     9.3977536470     9.4076457120    7.6723909045431041e-02    5.7177298281566688e-05
 67     67     9.3697099130     9.3789154795     9.3881210460    7.8033488362616185e-02    5.7384573341329408e-05
 68     68     9.3473635760     9.3574880775     9.3676125790    7.9267619023371580e-02    5.7569416364226222e-05
 69     69     9.3286605460     9.3380931435     9.3475257410    7.7904370223465136e-02    5.6787347135674274e-05
 70     70     9.3060871780     9.3164441160     9.3268010540    7.6850449567309298e-02    5.6118821185711418e-05
 71     71     9.2856435770     9.2952978000     9.3049520230    7.8112656600318367e-02    5.6287876345026783e-05
 72     72     9.2632864290     9.2738974255     9.2845084220    7.6735332065771544e-02    5.5508731020319342e-05
 73     73     9.2450590830     9.2549511480     9.2648432130    7.6243066327648559e-02    5.5053506102056805e-05
 74     74     9.2200640510     9.2308966730     9.2417292950    7.4195420644541349e-02    5.4039945515449900e-05
 75     75     9.1997069380     9.2098098175     9.2199126970    7.6190124746929197e-02    5.4451190751272834e-05
 76     76     9.1773389790     9.1883716045     9.1994042300    4.9208351193998801e-02    4.3596714315378603e-05
 77     77     9.1559764430     9.1662847315     9.1765930200    7.5986144197538075e-02    5.3827668917593833e-05
 78     78     9.1339003810     9.1451708485     9.1564413160    7.8808360627654034e-02    5.4580320451029111e-05
 79     79     9.1115864770     9.1221272020     9.1326679270    6.9515419799589279e-02    5.0956358324010015e-05
 80     80     9.0866887440     9.0981916480     9.1096945520    7.6677323916621742e-02    5.3234907123808312e-05
 81     81     9.0637694240     9.0749642145     9.0861590050    7.2691647459906833e-02    5.1570247613687769e-05
 82     82     9.0494232270     9.0562071295     9.0629910320    4.6515101698362232e-02    4.1086618989033342e-05
 83     83     9.0344175590     9.0418014720     9.0491853850    4.4176459036501352e-02    3.9936449342912392e-05
 84     84     9.0182118700     9.0254228070     9.0326337440    4.8481187660847351e-02    4.1680618185419677e-05
 85     85     9.0033683670     9.0102657850     9.0171632030    4.6199180721971787e-02    4.0543919765513882e-05
 86     86     8.9892924450     8.9965250040     9.0037575630    4.4620279516113970e-02    3.9753955450501360e-05
 87     87     8.9728813470     8.9800220125     8.9871626780    4.7877433339677748e-02    4.1016770902773070e-05
 88     88     8.9582432530     8.9655677055     8.9728921580    4.4040199141181895e-02    3.9215408502977094e-05
 89     89     8.9418970210     8.9498539170     8.9578108130    4.6202384486880008e-02    4.0067662937934502e-05
 90     90     8.9263832360     8.9338266095     8.9412699830    4.6778887110540325e-02    4.0169898291795001e-05
 91     91     8.9112802690     8.9182425530     8.9252048370    4.6697523975688930e-02    4.0001265206561348e-05
 92     92     8.8947502500     8.9023557885     8.9099613270    4.6518258681102598e-02    3.9815956446023961e-05
 93     93     8.8785878050     8.8863879415     8.8941880780    4.8077409871769901e-02    4.0467161571069096e-05
 94     94     8.8635929480     8.8712633525     8.8789337570    4.5005254107365895e-02    3.9222068254974648e-05
 95     95     8.8462196710     8.8542522440     8.8622848170    5.3577657037154981e-02    4.2882862228592758e-05
 96     96     8.8301761470     8.8376735755     8.8451710040    5.0508473188189247e-02    4.1744765920814577e-05
 97     97     8.8153866990     8.8226733130     8.8299599270    5.2368978591743706e-02    4.2616705916417456e-05
 98     98     8.7986404600     8.8069703355     8.8153002110    5.5199602907379491e-02    4.3865622257623393e-05
 99     99     8.7814617810     8.7896673300     8.7978728790    5.6822028593767844e-02    4.4682703711069841e-05
100    100     8.7654074460     8.7731102835     8.7808131210    5.5981376042249932e-02    4.4530930096269651e-05
101    101     8.7492450010     8.7572775740     8.7653101470    6.7144346188577661e-02    4.8922864449792480e-05
102    102     8.7322176760     8.7400394345     8.7478611930    6.0241274309167689e-02    4.6587241469327328e-05
103    103     8.7101524250     8.7182498640     8.7263473030    5.7599740613946862e-02    4.5876574838176109e-05
104    104     8.6951900010     8.7039523165     8.7127146320    6.8762318470719452e-02    5.0275854485463637e-05
105    105     8.6811248900     8.6892871950     8.6974495000    6.3475069354655286e-02    4.8526432977622203e-05
106    106     8.6586163880     8.6662705760     8.6739247640    6.9111865257260971e-02    5.0960048816520474e-05
107    107     8.6435242320     8.6520000560     8.6604758800    8.2438874655488256e-02    5.5748156615484337e-05
108    108     8.6278374710     8.6365024875     8.6451675040    8.2353517860402056e-02    5.5856100502847339e-05
109    109     8.6038262400     8.6121020605     8.6203778810    9.1061048950140097e-02    5.8869621858595971e-05
110    110     8.5908638510     8.5995018400     8.6081398290    1.0931309357868703e-01    6.4281702626353573e-05
111    111     8.5696310470     8.5778420015     8.5860529560    1.2521471982169924e-01    6.9003451377518753e-05
112    112     8.5501820580     8.5586795040     8.5671769500    1.3467694635431735e-01    7.1647222189609336e-05
113    113     8.5358682940     8.5451873760     8.5545064580    1.7435010142747531e-01    8.1376259044751973e-05
114    114     8.5146571120     8.5233005065     8.5319439010    1.5636384135678774e-01    7.7321727048441905e-05
115    115     8.4964838210     8.5046136930     8.5127435650    1.9431946221603758e-01    8.6256001554665097e-05
116    116     8.4871647390     8.4960459755     8.5049272120    2.2825179000849358e-01    9.3473909131399033e-05
117    117     8.4572398910     8.4664184300     8.4755969690    2.3159527039271860e-01    9.4849760845878040e-05
118    118     8.4388287580     8.4475802625     8.4563317670    2.2485055741514343e-01    9.3822585776978610e-05
119    119     8.4281691120     8.4372773795     8.4463856470    2.3332012715896591e-01    9.5799155159332968e-05
120    120     8.4021470350     8.4108715120     8.4195959890    2.3763529198683939e-01    9.7256973197936834e-05
121    121     8.3818655990     8.3909090005     8.3999524020    2.3008720191012605e-01    9.6545429687536547e-05
122    122     8.3650328720     8.3747843940     8.3845359160    2.1617700087049199e-01    9.3557247633395057e-05
123    123     8.3465352510     8.3555840580     8.3646328650    2.4704979091096863e-01    1.0037576805335665e-04
124    124     8.3226861850     8.3312701190     8.3398540530    2.2397217230313030e-01    9.5968658874774753e-05
125    125     8.3098427170     8.3195618060     8.3292808950    1.8464804463325066e-01    8.7520501128315049e-05
126      1     8.2881882840     8.2923829520     8.2965776200    8.4762734190765160e-02    5.9161415787396393e-05
127      2     8.2797665150     8.2839773995     8.2881882840    8.4363711603642560e-02    5.9069034414483199e-05
128      3     8.2713447460     8.2755556305     8.2797665150    8.7942882528442054e-02    6.0322408374996433e-05
129      4     8.2629013550     8.2671230505     8.2713447460    7.4810182333439612e-02    5.5762157625879768e-05
130      5     8.2544579640     8.2586796595     8.2629013550    8.5370327699152926e-02    5.9647774195645506e-05
131      6     8.2459821400     8.2502200520     8.2544579640    7.9500420246499809e-02    5.7739670455542190e-05
132      7     8.2375063160     8.2417442280     8.2459821400    7.2046846254009575e-02    5.4957766745392278e-05
133      8     8.2290196810     8.2332629985     8.2375063160    8.2111129912784478e-02    5.8688565939715059e-05
134      9     8.2205114240     8.2247655525     8.2290196810    8.2300706860506057e-02    5.8810863730989191e-05
135     10     8.2119815450     8.2162464845     8.2205114240    6.9288713879780223e-02    5.4102631878068835e-05
136     11     8.2034516660     8.2077166055     8.2119815450    7.9791428005740864e-02    5.8067380049145690e-05
137     12     8.1949001650     8.1991759155     8.2034516660    8.5195043900931869e-02    6.0039859058276668e-05
138     13     8.1863378530     8.1906190090     8.1949001650    7.7827800027686661e-02    5.7538620554316521e-05
139     14     8.1777539190     8.1820458860     8.1863378530    7.4767967004114685e-02    5.6482347815510929e-05
140     15     8.1691591740     8.1734565465     8.1777539190    7.4733344954237127e-02    5.6547067292010146e-05
141     16     8.1605536180     8.1648563960     8.1691591740    6.7086360018827826e-02    5.3716388759091649e-05
142     17     8.1519372510     8.1562454345     8.1605536180    7.3548328058886364e-02    5.6215769428187061e-05
143     18     8.1432884510     8.1476128510     8.1519372510    7.1178001313189507e-02    5.5446288718183073e-05
144     19     8.1346396510     8.1389640510     8.1432884510    6.2806706516706792e-02    5.2154447596643074e-05
145     20     8.1259692290     8.1303044400     8.1346396510    7.3585226420451011e-02    5.6501388273018663e-05
146     21     8.1172879960     8.1216286125     8.1259692290    6.6578700846478003e-02    5.3876428824250046e-05
147     22     8.1085851410     8.1129365685     8.1172879960    5.6881764141543882e-02    4.9929786750363048e-05
148     23     8.0998714750     8.1042283080     8.1085851410    6.2146499621536733e-02    5.2237222911654441e-05
149     24     8.0911361870     8.0955038310     8.0998714750    6.2882623375469598e-02    5.2652460193294845e-05
150     25     8.0823900880     8.0867631375     8.0911361870    5.9672214545675249e-02    5.1408463865590693e-05
151     26     8.0736331780     8.0780116330     8.0823900880    5.6675694132525496e-02    5.0178488584202752e-05
152     27     8.0648546460     8.0692439120     8.0736331780    5.8376513757637027e-02    5.0929977741106360e-05
153     28     8.0560544920     8.0604545690     8.0648546460    5.3624362581125962e-02    4.8988879047921245e-05
154     29     8.0472435270     8.0516490095     8.0560544920    5.6645361431434227e-02    5.0362914336254946e-05
155     30     8.0384217510     8.0428326390     8.0472435270    5.2906733837347002e-02    4.8808311274542435e-05
156     31     8.0295675420     8.0339946465     8.0384217510    5.7371902564024461e-02    5.0853227551482935e-05
157     32     8.0207133330     8.0251404375     8.0295675420    5.6173364575990911e-02    5.0321077286399145e-05
158     33     8.0118375020     8.0162754175     8.0207133330    5.8147016848072317e-02    5.1242606154661541e-05
159     34     8.0029400490     8.0073887755     8.0118375020    4.7253832271155483e-02    4.6362591189379224e-05
160     35     7.9940209740     7.9984805115     8.0029400490    5.7723774037288449e-02    5.1155919261604521e-05
161     36     7.9850910880     7.9895560310     7.9940209740    5.3331591447463134e-02    4.9368990540583048e-05
162     37     7.9761503910     7.9806207395     7.9850910880    5.1663911260582805e-02    4.8632868489200456e-05
163     38     7.9671880720     7.9716692315     7.9761503910    5.4610696163806871e-02    5.0017681902643115e-05
164     39     7.9582041310     7.9626961015     7.9671880720    5.1365745483409046e-02    4.8622865829796792e-05
165     40     7.9491985680     7.9537013495     7.9582041310    4.9158748020125105e-02    4.7615573504426631e-05
166     41     7.9401821940     7.9446903810     7.9491985680    5.1133788753725533e-02    4.8644777205601536e-05
167     42     7.9311441980     7.9356631960     7.9401821940    5.2184177087305661e-02    4.9198014748252233e-05
168     43     7.9220953910     7.9266197945     7.9311441980    4.5700551952268152e-02    4.6179875173504006e-05
169     44     7.9130249620     7.9175601765     7.9220953910    4.7360128871631123e-02    4.7064718444625090e-05
170     45     7.9039329110     7.9084789365     7.9130249620    4.5932410196385623e-02    4.6320988399360171e-05
171     46     7.8948192380     7.8993760745     7.9039329110    4.3032789596368096e-02    4.5024273995423004e-05
172     47     7.8856947540     7.8902569960     7.8948192380    4.5315213535700338e-02    4.6341647627809679e-05
173     48     7.8765486480     7.8811217010     7.8856947540    4.8337265991866496e-02    4.7795605559189692e-05
174     49     7.8673809200     7.8719647840     7.8765486480    4.4561894455797516e-02    4.6060895387781046e-05
175     50     7.8582023810     7.8627916505     7.8673809200    4.1135901915772134e-02    4.4399870532331862e-05
176     51     7.8490022200     7.8536023005     7.8582023810    4.3094251030219147e-02    4.5474985874508053e-05
177     52     7.8397804370     7.8443913285     7.8490022200    4.0023770353377452e-02    4.3871315604800439e-05
178     53     7.8305370320     7.8351587345     7.8397804370    4.1428158182548531e-02    4.4743717935824853e-05
179     54     7.8212720050     7.8259045185     7.8305370320    4.2711872874445188e-02    4.5428664749875398e-05
180     55     7.8119961670     7.8166340860     7.8212720050    4.2062581784981269e-02    4.5165336739712014e-05
181     56     7.8026987070     7.8073474370     7.8119961670    4.1156407320036337e-02    4.4763453650695613e-05
182     57     7.7933796250     7.7980391660     7.8026987070    4.5752246205846121e-02    4.7189607048611192e-05
183     58     7.7840389210     7.7887092730     7.7933796250    4.0783750684356440e-02    4.4691050433519695e-05
184     59     7.7746765950     7.7793577580     7.7840389210    4.1517093402074469e-02    4.5184448135524132e-05
185     60     7.7653034580     7.7699900265     7.7746765950    4.2624178249712465e-02    4.5836292270134201e-05
186     61     7.7558978880     7.7606006730     7.7653034580    3.9646942162990965e-02    4.4376402339710651e-05
187     62     7.7464815070     7.7511896975     7.7558978880    4.1733085883654028e-02    4.5561750072758515e-05
188     63     7.7370326930     7.7417571000     7.7464815070    4.3476775671054728e-02    4.6555429889756609e-05
189     64     7.7275730680     7.7323028805     7.7370326930    3.6389609164521858e-02    4.2723240191818628e-05
190     65     7.7180918210     7.7228324445     7.7275730680    3.6023931080107721e-02    4.2641824143079472e-05
191     66     7.7085889520     7.7133403865     7.7180918210    3.5943623453665946e-02    4.2667417320996055e-05
192     67     7.6990644610     7.7038267065     7.7085889520    3.8680050051008247e-02    4.4255899067430743e-05
193     68     7.6895183480     7.6942914045     7.6990644610    4.0744578385289019e-02    4.5547071622841002e-05
194     69     7.6799506130     7.6847344805     7.6895183480    3.8280791935351992e-02    4.4217547532045236e-05
195     70     7.6703720670     7.6751613400     7.6799506130    3.2625715536961725e-02    4.0970588330555168e-05
196     71     7.6607610880     7.6655665775     7.6703720670    2.5828782403348610e-02    3.6536332733005526e-05
197     72     7.6511284870     7.6559447875     7.6607610880    3.7261914382002721e-02    4.3848756641240295e-05
198     73     7.6414742640     7.6463013755     7.6511284870    3.4249092690826315e-02    4.2146885763998992e-05
199     74     7.6317984190     7.6366363415     7.6414742640    3.7614130607567804e-02    4.4315943172651455e-05
200     75     7.6221009520     7.6269496855     7.6317984190    2.9656625827815218e-02    3.9499323433883031e-05
201     76     7.6123818630     7.6172414075     7.6221009520    2.3826767931641887e-02    3.5469820209030491e-05
202     77     7.6026411520     7.6075115075     7.6123818630    2.7655172659879608e-02    3.8525149775417764e-05
203     78     7.5928788190     7.5977599855     7.6026411520    2.3647452888751093e-02    3.5339627409513118e-05
204     79     7.5830948640     7.5879868415     7.5928788190    2.8321169974047527e-02    3.8745503351595684e-05
205     80     7.5732892870     7.5781920755     7.5830948640    3.5505638199243017e-02    4.3706778305278067e-05
206     81     7.5634620880     7.5683756875     7.5732892870    3.6371517947926708e-02    4.4116519325334258e-05
207     82     7.5536024560     7.5585322720     7.5634620880    2.9171121345116159e-02    3.9742421107541050e-05
208     83     7.5437320130     7.5486672345     7.5536024560    3.1989781786998107e-02    4.1819890497217571e-05
209     84     7.5338291370     7.5387805750     7.5437320130    2.8602664352013939e-02    3.9273728517953762e-05
210     85     7.5239046390     7.5288668880     7.5338291370    2.7001599130142138e-02    3.8724982093610087e-05
211     86     7.5139585190     7.5189315790     7.5239046390    3.3473892735885316e-02    4.3043971054764553e-05
212     87     7.5039907770     7.5089746480     7.5139585190    3.5919666574559944e-02    4.4511740623499942e-05
213     88     7.4940014130     7.4989960950     7.5039907770    1.0460594279009446e-02    2.4656780419285161e-05
214     89     7.4839796160     7.4889905145     7.4940014130    2.4464945170326203e-02    3.7018740477866635e-05
215     90     7.4739361970     7.4789579065     7.4839796160    3.5186397409092685e-02    4.4131729953744525e-05
216     91     7.4638711560     7.4689036765     7.4739361970    3.0907179680111668e-02    4.1728047614068441e-05
217     92     7.4537844930     7.4588278245     7.4638711560    3.1481771838957798e-02    4.2178461482349061e-05
218     93     7.4436762080     7.4487303505     7.4537844930    2.9953887529992888e-02    4.1196446585233403e-05
219     94     7.4335354900     7.4386058490     7.4436762080    2.7173130865752803e-02    3.9450280005267328e-05
220     95     7.4233731500     7.4284543200     7.4335354900    3.0155166688310701e-02    4.1580977321625238e-05
221     96     7.4131891880     7.4182811690     7.4233731500    2.9523432705995029e-02    4.1243501558625034e-05
222     97     7.4029836040     7.4080863960     7.4131891880    2.5528467348844029e-02    3.8536332463226537e-05
223     98     7.3927455870     7.3978645955     7.4029836040    2.9609116103758163e-02    4.1563169510316226e-05
224     99     7.3824859480     7.3876157675     7.3927455870    2.7609327147102042e-02    4.0229997057267929e-05
225    100     7.3721938760     7.3773399120     7.3824859480    1.6639649384717233e-04    4.0713968809032389e-06
226    101     7.3618909930     7.3670424345     7.3721938760    2.2099401586665943e-02    3.6432645980914864e-05
227    102     7.3515556770     7.3567233350     7.3618909930    3.6342856630376050e-02    4.6239667277143773e-05
228    179     7.3060738000     7.3161658685     7.3262579370    4.0319242981013354e-03    1.5798718586630270e-05
229    180     7.2887221450     7.2982250140     7.3077278830    7.8832888499972470e-02    6.9443896887714669e-05
230    181     7.2748191990     7.2838031400     7.2927870810    4.1908741986961005e-02    5.0946397293191560e-05
231    182     7.2595973110     7.2692839670     7.2789706230    6.9464285102897358e-02    6.5795162416720185e-05
232    183     7.2431321580     7.2530188175     7.2629054770    5.9097713127433629e-02    6.1004312495527902e-05
233    184     7.2291535350     7.2389320845     7.2487106340    6.7203545038480569e-02    6.5166714942864235e-05
234    185     7.2103640170     7.2204290580     7.2304940990    8.3544464487552900e-02    7.3649293415788586e-05
235    186     7.1958556550     7.2053477130     7.2148397710    4.4614354059207342e-02    5.3828505697790148e-05
236    187     7.1847635690     7.1938826475     7.2030017260    6.2563498556195182e-02    6.3716759158707995e-05
237    188     7.1679308420     7.1780931820     7.1882555220    6.0721973404032563e-02    6.3189565653534288e-05
238    189     7.1511197370     7.1613415375     7.1715633380    6.2940180897298789e-02    6.4598211081469653e-05
239    190     7.1378870730     7.1477142720     7.1575414710    5.7374686944740724e-02    6.1935910193257592e-05
240    191     7.1221030130     7.1321031880     7.1421033630    6.5359660202717704e-02    6.6446964740878513e-05
241    192     7.1054216400     7.1149353200     7.1244490000    6.0185443868340988e-02    6.4084475815457664e-05
242    193     7.0912484190     7.1007404770     7.1102325350    6.2610577726860087e-02    6.5616576908217544e-05
243    194     7.0543396650     7.0648155240     7.0752913830    7.8293861742913154e-02    7.4297876855059763e-05
244    195     7.0007279160     7.0107605240     7.0207931320    7.4204944972064424e-02    7.3636310399212204e-05
245    196     6.9481972670     6.9583055520     6.9684138370    7.8403717849121993e-02    7.7299023324776714e-05
246    197     6.8935692840     6.9043748785     6.9151804730    7.7754920083611928e-02    7.8628665959658276e-05
247    198     6.8374601940     6.8483414655     6.8592227370    7.8996733064953514e-02    8.0975763886715645e-05
248    199     6.7852538750     6.7956378405     6.8060218060    1.1338940948498795e-01    9.9548689524698680e-05
249    200     6.7307015690     6.7418206825     6.7529397960    5.9845497729586687e-02    7.4091703881868650e-05
250    201     6.6743870700     6.6855494275     6.6967117850    8.0654390205681367e-02    8.8400554238698156e-05
251    202     6.6228618440     6.6335485175     6.6442351910    8.0224159483799046e-02    9.0725315997664473e-05
252    203     6.5660067950     6.5774448330     6.5888828710    8.2769109806646701e-02    9.5194231847534711e-05
253    204     6.5118220630     6.5232276680     6.5346332730    8.3397984516180829e-02    9.8876146876143619e-05
254    205     6.4429992370     6.4560913580     6.4691834790    1.0159819703004078e-01    1.1435702545343902e-04
255    206     6.3926848430     6.4063283250     6.4199718070    1.0260532096031294e-01    1.1951490727313053e-04
256    207     6.3324675730     6.3467110655     6.3609545580    1.0500292350077084e-01    1.2739979031121352e-04
257    208     6.2807369380     6.2941642000     6.3075914620    1.0705475075637186e-01    1.3546851567257097e-04
258    209     6.2244332500     6.2390983715     6.2537634930    1.1516065708501427e-01    1.4955010251429149e-04
259    210     6.1728647800     6.1874217915     6.2019788030    1.1147172783407670e-01    1.5728221119435743e-04
260    211     6.1163881160     6.1279072365     6.1394263570    9.7064720304080421e-02    1.6093957461340644e-04
261    212     6.0670250900     6.0784577225     6.0898903550    9.4690898727921233e-02    1.7478500143024999e-04
262    213     6.0060834830     6.0216675395     6.0372515960    1.2946242283656934e-01    2.3467732139596448e-04
263    214     5.9596826710     5.9708612450     5.9820398190    1.0609312042204312e-01    2.5311980293879840e-04
264    215     5.8978545620     5.9132061820     5.9285578020    1.6777405736416193e-01    4.4424265756936232e-04
265    216     5.8484482920     5.8606268835     5.8728054750    3.6755263404417254e-01    1.8008742299973654e-03
