 27.5     25.0     30.0
 32.5     30.0     35.0
 37.5     35.0     40.0
 42.5     40.0     45.0
 47.5     45.0     50.0
 52.5     50.0     55.0
 57.5     55.0     60.0
 62.5     60.0     65.0
 67.5     65.0     70.0
 72.5     70.0     75.0
 77.5     75.0     80.0
 82.5     80.0     85.0
 87.5     85.0     90.0
 92.5     90.0     95.0
 97.5     95.0    100.0
102.5    100.0    105.0
107.5    105.0    110.0
112.5    110.0    115.0
117.5    115.0    120.0
122.5    120.0    125.0
127.5    125.0    130.0
132.5    130.0    135.0
137.5    135.0    140.0
142.5    140.0    145.0
147.5    145.0    150.0
152.5    150.0    155.0
157.5    155.0    160.0