CLAS physics database search results
Measurement E32M2
g10 CLAS experiment
Wei Chen
0

theta	sqrt(s)	s7dsigma/dt	Data errors	Systematic errors
deg	GeV	10^7 GeV14 nb/GeV2	10^7 GeV14 nb/GeV2	10^7 GeV14 nb/GeV2
50	2.74178	17.6619	2.43667	0.4576
50	2.69982	14.1586	1.90728	0.27231
50	2.65465	12.7864	1.69372	0.20638
50	2.61032	12.6655	1.65539	0.17428
50	2.56311	11.4773	1.48257	0.13885
50	2.51981	9.70023	1.24332	0.13294
50	2.48857	9.03487	1.14987	0.10973
50	2.45426	7.34943	0.9283	0.0829
50	2.41905	6.40641	0.8036	0.06703
50	2.38339	5.62454	0.7002	0.05543
50	2.34726	4.78582	0.59112	0.04453
50	2.31009	4.254	0.52138	0.03706
50	2.26116	4.45468	0.5408	0.04002
50	2.23036	4.2991	0.51842	0.03691
50	2.19917	4.45733	0.53416	0.03668
50	2.16787	4.91308	0.58507	0.03866
50	2.1352	5.13686	0.60791	0.03874
50	2.10574	5.60778	0.65993	0.04032
50	2.07106	5.97474	0.69908	0.04116
50	2.03701	5.98251	0.69639	0.03944
50	2.00302	6.59362	0.76394	0.04158
50	1.97328	6.8496	0.79116	0.04983
50	1.94838	7.21795	0.83143	0.05094
50	1.9237	7.49636	0.86143	0.05134
50	1.89739	7.79409	0.89367	0.05204
50	1.87181	8.08943	0.92579	0.05226
50	1.84598	7.97238	0.91101	0.05041
50	1.81971	7.71049	0.87997	0.04732
50	1.79262	7.687	0.87642	0.04576
50	1.76512	7.53647	0.85867	0.04357
50	1.73766	7.11482	0.81034	0.04007
50	1.70933	6.45092	0.7347	0.03518
50	1.68294	5.57374	0.63499	0.02971
55	2.74178	11.4866	1.58141	0.2755
55	2.69982	9.77441	1.31516	0.17372
55	2.65465	9.14825	1.21044	0.13546
55	2.61032	8.86473	1.15751	0.112
55	2.56311	7.90133	1.01987	0.08883
55	2.51981	6.50886	0.8334	0.08316
55	2.48857	6.24898	0.7947	0.07059
55	2.45426	5.0438	0.63676	0.05303
55	2.41905	4.30875	0.53997	0.04244
55	2.38339	3.78519	0.47084	0.03486
55	2.34726	3.41276	0.42133	0.02975
55	2.31009	3.13442	0.38379	0.02555
55	2.26116	3.62153	0.43916	0.03071
55	2.23036	3.82307	0.46076	0.0309
55	2.19917	4.05361	0.48539	0.03138
55	2.16787	4.43155	0.52743	0.03278
55	2.1352	4.66856	0.55217	0.03288
55	2.10574	5.12491	0.60287	0.03462
55	2.07106	5.38071	0.62941	0.03478
55	2.03701	5.29426	0.61604	0.03277
55	2.00302	5.69443	0.65958	0.03385
55	1.97328	5.68571	0.65651	0.03874
55	1.94838	5.83257	0.67166	0.03865
55	1.9237	6.13281	0.70457	0.0397
55	1.89739	6.06161	0.69486	0.03796
55	1.87181	6.19561	0.70892	0.03777
55	1.84598	6.16364	0.7042	0.03697
55	1.81971	6.16529	0.70351	0.03573
55	1.79262	6.13551	0.69942	0.03468
55	1.76512	6.00243	0.68379	0.03299
55	1.73766	5.60182	0.63794	0.03012
55	1.70933	5.13232	0.58446	0.02681
55	1.68294	4.56111	0.51958	0.02324
60	2.74178	6.57986	0.9049	0.15298
60	2.69982	6.22895	0.83787	0.1093
60	2.65465	5.94022	0.78597	0.08771
60	2.61032	6.06541	0.79203	0.0768
60	2.56311	5.53129	0.71384	0.06217
60	2.51981	5.02059	0.6428	0.06424
60	2.48857	4.39814	0.55899	0.04929
60	2.45426	3.87014	0.48839	0.0405
60	2.41905	3.27087	0.40966	0.03183
60	2.38339	3.13142	0.3894	0.0287
60	2.34726	3.05311	0.37693	0.02649
60	2.31009	3.13206	0.38355	0.02532
60	2.26116	3.65348	0.4431	0.03063
60	2.23036	4.04236	0.48726	0.03258
60	2.19917	4.3884	0.5257	0.03394
60	2.16787	4.56835	0.54376	0.03359
60	2.1352	4.82223	0.57039	0.03407
60	2.10574	4.97148	0.58476	0.03344
60	2.07106	5.08837	0.59516	0.03275
60	2.03701	4.93601	0.57439	0.03028
60	2.00302	5.00639	0.57983	0.02951
60	1.97328	4.91755	0.56779	0.03335
60	1.94838	5.13194	0.59096	0.03404
60	1.9237	5.0534	0.58053	0.0325
60	1.89739	4.97271	0.57	0.03096
60	1.87181	4.93796	0.56499	0.03007
60	1.84598	4.94549	0.565	0.0294
60	1.81971	4.91501	0.56081	0.02827
60	1.79262	4.85094	0.55297	0.0272
60	1.76512	4.80261	0.5471	0.02634
60	1.73766	4.38165	0.49897	0.02325
60	1.70933	4.08934	0.46567	0.02115
60	1.68294	3.64506	0.41522	0.01843
65	2.74178	4.75813	0.6554	0.11625
65	2.69982	3.90326	0.52511	0.06964
65	2.65465	3.93673	0.52087	0.0583
65	2.61032	4.03415	0.52687	0.05161
65	2.56311	3.78729	0.48895	0.04273
65	2.51981	3.36715	0.43125	0.04294
65	2.48857	3.25612	0.41403	0.03658
65	2.45426	2.94342	0.37147	0.03074
65	2.41905	2.95888	0.37085	0.02905
65	2.38339	2.91119	0.36214	0.02679
65	2.34726	3.00097	0.3705	0.02594
65	2.31009	3.31563	0.4061	0.02689
65	2.26116	3.80063	0.46098	0.03205
65	2.23036	4.20167	0.50627	0.03397
65	2.19917	4.52579	0.54188	0.03489
65	2.16787	4.84397	0.57646	0.03571
65	2.1352	5.02047	0.59372	0.03538
65	2.10574	5.14909	0.6056	0.03482
65	2.07106	5.17901	0.60569	0.03346
65	2.03701	5.06539	0.58937	0.0314
65	2.00302	4.78603	0.55429	0.02835
65	1.97328	4.707	0.54347	0.03228
65	1.94838	4.60888	0.53071	0.0306
65	1.9237	4.41615	0.50732	0.02861
65	1.89739	4.24288	0.48635	0.02662
65	1.87181	4.0435	0.46265	0.02469
65	1.84598	3.98643	0.45543	0.02383
65	1.81971	3.87424	0.44206	0.02238
65	1.79262	3.70424	0.42226	0.02091
65	1.76512	3.47798	0.3962	0.01906
65	1.73766	3.2089	0.36542	0.01717
65	1.70933	3.03764	0.34592	0.01586
65	1.68294	2.70896	0.30859	0.01373
70	2.74178	3.36078	0.46344	0.08459
70	2.69982	3.00778	0.40501	0.05558
70	2.65465	2.98927	0.39558	0.04488
70	2.61032	2.77628	0.36257	0.03591
70	2.56311	2.87809	0.37145	0.03239
70	2.51981	2.77328	0.35511	0.03513
70	2.48857	2.70802	0.34421	0.0303
70	2.45426	2.69378	0.33998	0.02782
70	2.41905	2.59926	0.32567	0.0252
70	2.38339	2.83225	0.35218	0.02561
70	2.34726	2.94466	0.36332	0.02501
70	2.31009	3.42423	0.41933	0.02733
70	2.26116	4.02631	0.4883	0.03347
70	2.23036	4.45932	0.53739	0.0353
70	2.19917	4.66997	0.55915	0.03547
70	2.16787	4.85685	0.57782	0.03558
70	2.1352	5.00248	0.59155	0.03487
70	2.10574	5.01996	0.59036	0.03328
70	2.07106	4.89064	0.57189	0.03111
70	2.03701	4.76837	0.55473	0.0291
70	2.00302	4.49765	0.52086	0.0262
70	1.97328	4.27298	0.49336	0.02897
70	1.94838	4.0171	0.46256	0.02634
70	1.9237	3.66295	0.42079	0.02332
70	1.89739	3.55762	0.40779	0.02205
70	1.87181	3.31875	0.37973	0.02005
70	1.84598	3.12435	0.35695	0.01854
70	1.81971	2.97436	0.33939	0.0171
70	1.79262	2.76325	0.315	0.01555
70	1.76512	2.54547	0.28998	0.01393
70	1.73766	2.37371	0.27032	0.01267
70	1.70933	2.19638	0.25012	0.01139
70	1.68294	1.96794	0.22418	0.00995
75	2.74178	2.60884	0.35932	0.06424
75	2.69982	2.08814	0.28101	0.03806
75	2.65465	1.88874	0.25006	0.02914
75	2.61032	1.94029	0.25349	0.02584
75	2.56311	2.00853	0.25933	0.02361
75	2.51981	2.17426	0.27843	0.02895
75	2.48857	2.23926	0.28465	0.02626
75	2.45426	2.21921	0.28003	0.02381
75	2.41905	2.44291	0.30586	0.02433
75	2.38339	2.71192	0.33712	0.02497
75	2.34726	2.94458	0.3634	0.02549
75	2.31009	3.15297	0.38591	0.02534
75	2.26116	3.76837	0.45687	0.03138
75	2.23036	4.14043	0.49878	0.03276
75	2.19917	4.54386	0.54411	0.03441
75	2.16787	4.71281	0.56088	0.03407
75	2.1352	4.80521	0.56827	0.03335
75	2.10574	4.82648	0.56771	0.03192
75	2.07106	4.76684	0.55759	0.03037
75	2.03701	4.47361	0.52055	0.02727
75	2.00302	4.17222	0.48323	0.02438
75	1.97328	3.88978	0.44914	0.02631
75	1.94838	3.6154	0.41632	0.02388
75	1.9237	3.43741	0.39487	0.02206
75	1.89739	3.14185	0.36014	0.01962
75	1.87181	2.85597	0.32677	0.0174
75	1.84598	2.48535	0.28393	0.01475
75	1.81971	2.28756	0.26102	0.01327
75	1.79262	2.04867	0.23353	0.0115
75	1.76512	1.92742	0.21956	0.0105
75	1.73766	1.79294	0.20418	0.00957
75	1.70933	1.67059	0.19024	0.00871
75	1.68294	1.47965	0.16855	0.00751
80	2.74178	1.98718	0.27322	0.04528
80	2.69982	1.52966	0.20566	0.02579
80	2.65465	1.39442	0.1844	0.0197
80	2.61032	1.30218	0.17	0.01606
80	2.56311	1.40899	0.18182	0.01548
80	2.51981	1.74872	0.22386	0.02235
80	2.48857	1.95217	0.24825	0.02221
80	2.45426	2.07736	0.2623	0.02193
80	2.41905	2.49909	0.31333	0.02526
80	2.38339	2.61488	0.32522	0.0246
80	2.34726	3.01678	0.37263	0.02738
80	2.31009	3.32122	0.40687	0.02816
80	2.26116	3.81097	0.46235	0.03356
80	2.23036	4.11081	0.49541	0.03413
80	2.19917	4.22498	0.50584	0.03343
80	2.16787	4.42406	0.52629	0.03336
80	2.1352	4.62917	0.5473	0.03332
80	2.10574	4.67953	0.55023	0.03205
80	2.07106	4.53433	0.53018	0.02947
80	2.03701	4.19962	0.4886	0.02616
80	2.00302	3.76276	0.43578	0.0224
80	1.97328	3.58791	0.41427	0.02464
80	1.94838	3.43341	0.39537	0.02284
80	1.9237	3.16201	0.36326	0.02053
80	1.89739	2.79348	0.32023	0.01766
80	1.87181	2.39285	0.2738	0.01471
80	1.84598	2.0612	0.2355	0.0124
80	1.81971	1.78132	0.20326	0.01037
80	1.79262	1.62367	0.1851	0.00924
80	1.76512	1.49452	0.17026	0.00829
80	1.73766	1.41411	0.16104	0.00766
80	1.70933	1.28413	0.14624	0.00677
80	1.68294	1.15373	0.13143	0.00598
85	2.74178	1.43987	0.19767	0.03099
85	2.69982	1.14694	0.15415	0.01857
85	2.65465	1.06909	0.14131	0.01446
85	2.61032	1.29186	0.16856	0.01505
85	2.56311	1.38311	0.17835	0.0144
85	2.51981	1.78996	0.22916	0.02104
85	2.48857	2.05815	0.26156	0.0216
85	2.45426	2.2402	0.28266	0.02224
85	2.41905	2.71375	0.34003	0.02557
85	2.38339	2.93321	0.36476	0.02597
85	2.34726	3.20173	0.39517	0.02721
85	2.31009	3.52294	0.43142	0.02867
85	2.26116	3.855	0.46775	0.03313
85	2.23036	3.93708	0.47466	0.03278
85	2.19917	4.01581	0.48123	0.03239
85	2.16787	4.16463	0.49589	0.03229
85	2.1352	4.18675	0.49544	0.03122
85	2.10574	4.13132	0.4861	0.02945
85	2.07106	4.10664	0.4804	0.02822
85	2.03701	3.83229	0.44598	0.02495
85	2.00302	3.66123	0.42408	0.02285
85	1.97328	3.4753	0.40131	0.02485
85	1.94838	3.24341	0.37353	0.0226
85	1.9237	2.95417	0.3394	0.02009
85	1.89739	2.53742	0.2909	0.01689
85	1.87181	2.15698	0.24683	0.014
85	1.84598	1.81349	0.20721	0.01157
85	1.81971	1.59605	0.18214	0.00998
85	1.79262	1.36249	0.15534	0.00833
85	1.76512	1.28001	0.14584	0.00768
85	1.73766	1.14628	0.13055	0.00668
85	1.70933	1.07115	0.12199	0.00611
85	1.68294	0.96559	0.11001	0.00537
90	2.74178	1.50054	0.20599	0.03218
90	2.69982	1.4321	0.19234	0.02282
90	2.65465	1.61402	0.21331	0.02164
90	2.61032	1.70575	0.22256	0.01968
90	2.56311	1.90746	0.24603	0.01938
90	2.51981	2.28705	0.29271	0.02604
90	2.48857	2.68832	0.34171	0.02718
90	2.45426	2.77945	0.35063	0.02626
90	2.41905	3.01727	0.37792	0.0268
90	2.38339	3.29124	0.40913	0.02725
90	2.34726	3.52728	0.43526	0.0278
90	2.31009	3.84758	0.47128	0.02856
90	2.26116	3.9996	0.48501	0.03089
90	2.23036	4.22771	0.50949	0.0316
90	2.19917	4.2824	0.51278	0.031
90	2.16787	4.22715	0.50313	0.02976
90	2.1352	4.09676	0.48458	0.02825
90	2.10574	3.81788	0.44903	0.02582
90	2.07106	3.68465	0.43091	0.02478
90	2.03701	3.47391	0.40418	0.02305
90	2.00302	3.35484	0.38854	0.02175
90	1.97328	3.11396	0.35961	0.02366
90	1.94838	2.82967	0.32591	0.021
90	1.9237	2.50859	0.28829	0.0183
90	1.89739	2.19712	0.25195	0.01565
90	1.87181	1.85193	0.21198	0.01284
90	1.84598	1.58584	0.18125	0.01069
90	1.81971	1.35327	0.15448	0.00884
90	1.79262	1.20272	0.13715	0.00763
90	1.76512	1.13293	0.12911	0.00696
90	1.73766	1.05031	0.11965	0.00623
90	1.70933	0.97922	0.11154	0.00559
90	1.68294	0.90963	0.10364	0.00504
95	2.74178	2.12793	0.29234	0.04707
95	2.69982	2.04042	0.27409	0.03308
95	2.65465	1.92531	0.25446	0.02576
95	2.61032	2.49806	0.32589	0.02831
95	2.56311	2.77417	0.35779	0.02772
95	2.51981	3.18402	0.40728	0.03527
95	2.48857	3.28385	0.4171	0.03192
95	2.45426	3.47869	0.43872	0.03119
95	2.41905	3.77985	0.47314	0.03169
95	2.38339	4.12148	0.51223	0.03234
95	2.34726	4.19714	0.51765	0.03139
95	2.31009	4.26897	0.52217	0.0302
95	2.26116	4.44284	0.53796	0.03362
95	2.23036	4.30671	0.51818	0.03182
95	2.19917	4.25872	0.50933	0.0308
95	2.16787	4.0264	0.47869	0.02839
95	2.1352	3.87612	0.4583	0.02654
95	2.10574	3.6891	0.43396	0.02451
95	2.07106	3.38147	0.39565	0.02164
95	2.03701	3.03326	0.35313	0.01886
95	2.00302	2.74198	0.31774	0.01641
95	1.97328	2.51154	0.29014	0.01755
95	1.94838	2.3984	0.27629	0.01623
95	1.9237	2.12511	0.24422	0.01409
95	1.89739	1.86324	0.21364	0.01208
95	1.87181	1.56478	0.17908	0.00988
95	1.84598	1.30506	0.14913	0.00813
95	1.81971	1.15765	0.13211	0.00699
95	1.79262	1.06315	0.12121	0.00627
95	1.76512	1.02872	0.11721	0.00589
95	1.73766	0.99194	0.11297	0.00552
95	1.70933	0.99949	0.11384	0.00546
95	1.68294	0.96463	0.1099	0.00519
100	2.74178	2.79652	0.38393	0.06076
100	2.69982	2.72176	0.3655	0.04302
100	2.65465	2.73036	0.36077	0.03565
100	2.61032	3.45039	0.45004	0.03837
100	2.56311	3.66354	0.4723	0.03626
100	2.51981	4.09887	0.52412	0.04678
100	2.48857	4.23066	0.53693	0.04293
100	2.45426	4.3421	0.54719	0.04191
100	2.41905	4.48678	0.56147	0.04131
100	2.38339	4.73029	0.58796	0.04088
100	2.34726	4.81189	0.59407	0.0393
100	2.31009	4.51997	0.55385	0.03443
100	2.26116	4.49978	0.5461	0.03505
100	2.23036	4.16794	0.50257	0.03079
100	2.19917	4.02298	0.48189	0.02815
100	2.16787	3.95627	0.47087	0.02639
100	2.1352	3.60597	0.42644	0.02287
100	2.10574	3.25525	0.38279	0.01977
100	2.07106	2.8698	0.33554	0.0168
100	2.03701	2.52333	0.29353	0.01434
100	2.00302	2.23668	0.25901	0.01225
100	1.97328	2.09324	0.24166	0.01342
100	1.94838	1.95588	0.2252	0.01226
100	1.9237	1.76391	0.20262	0.01092
100	1.89739	1.60284	0.18373	0.00967
100	1.87181	1.35193	0.1547	0.00806
100	1.84598	1.14342	0.13064	0.00671
100	1.81971	1.00574	0.11477	0.00579
100	1.79262	0.93389	0.10647	0.00531
100	1.76512	0.98642	0.11239	0.00554
100	1.73766	1.06691	0.12152	0.00593
100	1.70933	1.12979	0.12869	0.00619
100	1.68294	1.1392	0.12981	0.00613
105	2.74178	3.6727	0.50559	0.0859
105	2.69982	3.83734	0.51645	0.06846
105	2.65465	3.58037	0.47379	0.05307
105	2.61032	4.12858	0.53911	0.05209
105	2.56311	4.25159	0.5487	0.04598
105	2.51981	4.47287	0.57266	0.05381
105	2.48857	4.54363	0.57749	0.04691
105	2.45426	4.47888	0.56511	0.04217
105	2.41905	4.54364	0.56913	0.03972
105	2.38339	4.58705	0.57013	0.03689
105	2.34726	4.51743	0.55721	0.03419
105	2.31009	4.10982	0.50286	0.02915
105	2.26116	4.22772	0.51242	0.03119
105	2.23036	4.09032	0.49268	0.02907
105	2.19917	3.8791	0.46418	0.02653
105	2.16787	3.73378	0.4442	0.02471
105	2.1352	3.27153	0.38682	0.02078
105	2.10574	2.92769	0.3443	0.01791
105	2.07106	2.51218	0.29381	0.01477
105	2.03701	2.18817	0.2546	0.01234
105	2.00302	1.97813	0.22909	0.01069
105	1.97328	1.88197	0.21727	0.01186
105	1.94838	1.77917	0.20485	0.0109
105	1.9237	1.61819	0.18588	0.00967
105	1.89739	1.41231	0.16187	0.00823
105	1.87181	1.20209	0.13753	0.00686
105	1.84598	1.01975	0.11649	0.00575
105	1.81971	0.90626	0.1034	0.005
105	1.79262	0.85191	0.09711	0.00462
105	1.76512	0.93155	0.10612	0.005
105	1.73766	1.08022	0.12302	0.00574
105	1.70933	1.25131	0.14251	0.00659
105	1.68294	1.29161	0.14715	0.00673
110	2.74178	5.10381	0.70183	0.1195
110	2.69982	4.46246	0.59996	0.07554
110	2.65465	4.44929	0.5881	0.0606
110	2.61032	4.66239	0.60837	0.05437
110	2.56311	4.69934	0.60611	0.04801
110	2.51981	4.57735	0.58567	0.053
110	2.48857	4.72086	0.5998	0.04845
110	2.45426	4.45889	0.56243	0.04224
110	2.41905	4.39281	0.55007	0.03906
110	2.38339	4.35718	0.54163	0.03595
110	2.34726	4.44964	0.54922	0.03473
110	2.31009	4.20672	0.51517	0.03057
110	2.26116	3.9559	0.47957	0.02965
110	2.23036	3.73265	0.44971	0.02662
110	2.19917	3.41758	0.40914	0.02339
110	2.16787	3.22621	0.38387	0.0212
110	2.1352	2.81468	0.33278	0.01766
110	2.10574	2.6128	0.3073	0.01576
110	2.07106	2.33347	0.27292	0.01359
110	2.03701	2.02216	0.23529	0.01131
110	2.00302	1.86107	0.21555	0.01001
110	1.97328	1.77455	0.20487	0.01103
110	1.94838	1.63832	0.18862	0.00993
110	1.9237	1.44613	0.1661	0.00852
110	1.89739	1.23129	0.14112	0.00713
110	1.87181	0.99157	0.11343	0.00563
110	1.84598	0.80175	0.09158	0.00453
110	1.81971	0.72207	0.08238	0.004
110	1.79262	0.70383	0.08023	0.00385
110	1.76512	0.79468	0.09052	0.00427
110	1.73766	0.9327	0.10621	0.00493
110	1.70933	1.12031	0.12758	0.00583
110	1.68294	1.19968	0.13666	0.00616
115	2.74178	6.42865	0.88526	0.15569
115	2.69982	5.69041	0.76544	0.09933
115	2.65465	5.37098	0.71046	0.07772
115	2.61032	5.70342	0.74455	0.06975
115	2.56311	5.29391	0.68305	0.05641
115	2.51981	5.26785	0.67435	0.0621
115	2.48857	4.88203	0.62043	0.05071
115	2.45426	5.01587	0.63288	0.04822
115	2.41905	4.77209	0.59781	0.04268
115	2.38339	4.69726	0.58406	0.03893
115	2.34726	4.52594	0.55865	0.03561
115	2.31009	4.04411	0.4952	0.02971
115	2.26116	3.65272	0.44295	0.02777
115	2.23036	3.34818	0.40337	0.02418
115	2.19917	3.06598	0.36702	0.02128
115	2.16787	2.83309	0.33701	0.0188
115	2.1352	2.51993	0.29794	0.01602
115	2.10574	2.25265	0.26486	0.01373
115	2.07106	1.97497	0.23088	0.01163
115	2.03701	1.68251	0.19568	0.00953
115	2.00302	1.5816	0.18312	0.00866
115	1.97328	1.47951	0.17078	0.00947
115	1.94838	1.3486	0.15525	0.00848
115	1.9237	1.18174	0.13573	0.0073
115	1.89739	0.9819	0.11254	0.006
115	1.87181	0.76062	0.08703	0.00459
115	1.84598	0.6174	0.07054	0.00367
115	1.81971	0.52651	0.06008	0.00308
115	1.79262	0.55055	0.06276	0.00316
115	1.76512	0.65461	0.07458	0.00368
115	1.73766	0.82276	0.09371	0.00456
115	1.70933	1.05265	0.1199	0.00573
115	1.68294	1.21564	0.13851	0.00651
