  1      1    10.6098475200    10.6137985750    10.6177496300    6.0635696523047395e+07    2.0169091521021083e+06
  2      2    10.6012968100    10.6059126800    10.6105285500    8.3218140340061277e+07    2.3581197204417409e+06
  3      3    10.5918164400    10.5961296300    10.6004428200    8.1913947896618232e+07    2.3026181095804027e+06
  4      4    10.5805632300    10.5855844750    10.5906057200    1.1422169341147995e+08    2.6995331448705089e+06
  5      5    10.5714828300    10.5761743700    10.5808659100    1.0987896123678249e+08    2.6179238598906887e+06
  6      6    10.5613538600    10.5668183150    10.5722827700    1.4590237278483492e+08    2.9981420618738518e+06
  7      7    10.5491169400    10.5542408800    10.5593648200    1.5104954997563714e+08    3.0258437781635150e+06
  8      8    10.5372151300    10.5431714400    10.5491277500    1.8421517043838376e+08    3.3397407578181420e+06
  9      9    10.5245782400    10.5301562000    10.5357341600    1.9606967781854033e+08    3.4033241226345287e+06
 10     10    10.5123953700    10.5188759650    10.5253565600    2.3734331186160299e+08    3.7361753275822294e+06
 11     11    10.4998341500    10.5059093700    10.5119845900    2.4245766159894860e+08    3.7515387105124616e+06
 12     12    10.4830570300    10.4901051500    10.4971532700    2.9972610716436011e+08    4.1400058549614316e+06
 13     13    10.4686905400    10.4753062600    10.4819219800    2.8267966029052603e+08    4.0072902725819880e+06
 14     14    10.4538267900    10.4614856750    10.4691445600    3.7129710839197153e+08    4.5496991108164554e+06
 15     15    10.4388873700    10.4460760200    10.4532646700    3.3558805184899098e+08    4.3169940588065293e+06
 16     16    10.4208454800    10.4291367500    10.4374280200    4.0507050893783003e+08    4.7123992785344627e+06
 17     17    10.4037656800    10.4115488800    10.4193320800    4.1568681256519985e+08    4.7414736076341532e+06
 18     18    10.3854859700    10.3944636750    10.4034413800    4.7106127898532236e+08    5.0322166634962205e+06
 19     19    10.3677359500    10.3761623450    10.3845887400    4.4308475236174667e+08    4.8476694521396616e+06
 20     20    10.3476509700    10.3573529450    10.3670549200    6.1709325780855870e+08    5.6464644631818198e+06
 21     21    10.3275551800    10.3366734150    10.3457916500    6.2626639729309940e+08    5.6446465239003450e+06
 22     22    10.3065405400    10.3170262400    10.3275119400    5.4525980797133327e+08    5.2508351899305834e+06
 23     23    10.2900336700    10.2975141900    10.3049947100    5.1065675182357454e+08    5.0453342290569050e+06
 24     24    10.2716566700    10.2801641400    10.2886716100    5.5772485830693483e+08    5.2615951697397754e+06
 25     25    10.2556794900    10.2636194350    10.2715593800    7.8870340016386700e+08    6.1383567232166687e+06
 26     26    10.2352918300    10.2443073700    10.2533229100    9.2514989303537142e+08    6.6160847461110130e+06
 27     27    10.2191092600    10.2275356550    10.2359620500    8.0950982193776929e+08    6.1583543428544663e+06
 28     28    10.1995755900    10.2091316300    10.2186876700    8.9304348965528917e+08    6.4408191733766310e+06
 29     29    10.1804959400    10.1894304050    10.1983648700    8.0731942218194962e+08    6.0968670206698589e+06
 30     30    10.1581949100    10.1683130700    10.1784312300    8.7605021631702459e+08    6.3173160262037776e+06
 31     31    10.1376559100    10.1471308750    10.1566058400    8.1912410538619077e+08    6.0682349017274687e+06
 32     32    10.1160142900    10.1266837600    10.1373532300    1.1695072588720021e+09    7.1620691702864487e+06
 33     33    10.0929457500    10.1029612150    10.1129766800    1.0875991493877017e+09    6.8608582275142530e+06
 34     34    10.0717257200    10.0829897400    10.0942537600    1.1221204628629224e+09    6.9369718121656645e+06
 35     35    10.0490139100    10.0596023050    10.0701907000    9.9436080807595921e+08    6.5036619446133003e+06
 36     36    10.0226158900    10.0345501300    10.0464843700    1.0970731532361913e+09    6.7768730049514882e+06
 37     37     9.9984879700    10.0096655100    10.0208430500    9.5025232977620959e+08    6.2810982203263054e+06
 38     38     9.9723169600     9.9849160150     9.9975150700    1.0033150561592308e+09    6.4111619101702524e+06
 39     39     9.9485241500     9.9603340750     9.9721440000    9.1325642266571021e+08    6.0761723865172723e+06
 40     40     9.9194993000     9.9327847900     9.9460702800    1.0979587004868286e+09    6.5922711147997044e+06
 41     41     9.9037167000     9.9114620650     9.9192074300    6.9179985052276897e+08    5.1694916279915608e+06
 42     42     9.8859234400     9.8945390100     9.9031545800    7.9407407157672691e+08    5.5139259669899829e+06
 43     43     9.8690274100     9.8770376200     9.8850478300    7.2609423740574110e+08    5.2400178421016876e+06
 44     44     9.8509639000     9.8598605300     9.8687571600    7.7630817821582210e+08    5.4018451579011399e+06
 45     45     9.8333327900     9.8416024400     9.8498720900    7.0527165929750299e+08    5.1258666641951790e+06
 46     46     9.8134964400     9.8226795350     9.8318626300    7.5993785173725247e+08    5.2887843937826362e+06
 47     47     9.7957464200     9.8042863200     9.8128262200    6.7962871826838887e+08    4.9758817238510214e+06
 48     48     9.7757695400     9.7852391000     9.7947086600    7.4314001649162376e+08    5.1870453292927304e+06
 49     49     9.7567115100     9.7655270650     9.7743426200    6.6601954707182324e+08    4.8821122375126118e+06
 50     50     9.7359671200     9.7457447650     9.7555224100    7.1379155637426400e+08    5.0349006431076536e+06
 51     51     9.7171685300     9.7262705500     9.7353725700    6.3883775177987218e+08    4.7439050677820547e+06
 52     52     9.6948675000     9.7049586350     9.7150497700    7.0625766176551878e+08    4.9647149777456792e+06
 53     53     9.6751716800     9.6845817850     9.6939918900    5.9973338685358036e+08    4.5557606235689893e+06
 54     54     9.6536489700     9.6640427850     9.6744366000    6.8734237995886147e+08    4.8608960598592302e+06
 55     55     9.6334450800     9.6431470550     9.6528490300    6.2394658316222143e+08    4.6066672192705758e+06
 56     56     9.6122574800     9.6229810000     9.6337045200    6.7002553780186713e+08    4.7663229374976391e+06
 57     57     9.5899456400     9.5999557000     9.6099657600    6.2043841457905567e+08    4.5653516076237252e+06
 58     58     9.5668771000     9.5779303250     9.5889835500    7.3490318902170348e+08    4.9256457396504562e+06
 59     59     9.5462840500     9.5566076000     9.5669311500    7.1652462504873276e+08    4.8243576160378195e+06
 60     60     9.5219399300     9.5333174550     9.5446949800    1.0247576579246106e+09    5.6804764961467022e+06
 61     61     9.4993578400     9.5099840700     9.5206103000    1.0185419105948942e+09    5.6171702152635287e+06
 62     62     9.4751866800     9.4869047200     9.4986227600    9.2991066195625663e+08    5.3399006501262803e+06
 63     63     9.4527451200     9.4637064600     9.4746678000    1.0896460492288926e+09    5.7398891576387445e+06
 64     64     9.4266605900     9.4387353600     9.4508101300    1.1390516282146692e+09    5.8535325869463244e+06
 65     65     9.4082619700     9.4172450800     9.4262281900    8.6374498772775280e+08    5.0678278202993693e+06
 66     66     9.3879932200     9.3978843700     9.4077755200    8.4115010654375029e+08    4.9848148008310292e+06
 67     67     9.3698432300     9.3790479450     9.3882526600    8.4880162272328484e+08    4.9858918152900329e+06
 68     68     9.3474989600     9.3576225250     9.3677460900    8.5904269715838075e+08    4.9913890148164760e+06
 69     69     9.3287976600     9.3382293850     9.3476611100    8.4651571082064033e+08    4.9285915421143454e+06
 70     70     9.3062263800     9.3165823600     9.3269383400    8.1985568180893922e+08    4.8314192137208227e+06
 71     71     9.2857846700     9.2954380000     9.3050913300    8.2788537533903587e+08    4.8289970291673932e+06
 72     72     9.2634295900     9.2740396050     9.2846496200    8.2578628326967287e+08    4.7953586050750846e+06
 73     73     9.2452039300     9.2550950800     9.2649862300    8.0232261762747264e+08    4.7017928087389087e+06
 74     74     9.2202112100     9.2310428300     9.2418744500    7.8770570749277401e+08    4.6331693818242140e+06
 75     75     9.1998559800     9.2099579250     9.2200598700    8.0853193065501237e+08    4.6703899755473901e+06
 76     76     9.1774900900     9.1885216950     9.1995533000    5.2442363613694471e+08    3.7469823964593317e+06
 77     77     9.1561295300     9.1664368650     9.1767442000    7.9074825439333355e+08    4.5704537066799253e+06
 78     78     9.1340555100     9.1453249350     9.1565943600    8.2415667575849998e+08    4.6503339025037196e+06
 79     79     9.1117436700     9.1222834200     9.1328231700    7.2100372436268806e+08    4.3171033831449356e+06
 80     80     9.0868482400     9.0983500800     9.1098519200    7.9933362239231718e+08    4.5221669464265965e+06
 81     81     9.0639310400     9.0751247950     9.0863185500    7.5260808874007261e+08    4.3640772038068427e+06
 82     82     9.0495861700     9.0563694450     9.0631527200    4.7743736895435083e+08    3.4623810407598955e+06
 83     83     9.0345818900     9.0419651200     9.0493483500    4.6760773128159213e+08    3.4089820567311039e+06
 84     84     9.0183777000     9.0255879700     9.0327982400    4.9841632347063768e+08    3.5170273151669023e+06
 85     85     9.0035355700     9.0104323500     9.0173291300    4.7557495459230977e+08    3.4205156720535373e+06
 86     86     8.9894609500     8.9966928400     9.0039247300    4.5844573775247103e+08    3.3495467551273010e+06
 87     87     8.9730513700     8.9801913750     8.9873313800    4.8617073484767973e+08    3.4349503252591025e+06
 88     88     8.9584146300     8.9657384050     8.9730621800    4.4801197141571933e+08    3.2827756825211067e+06
 89     89     8.9420699100     8.9500260700     8.9579822300    4.7488740972609895e+08    3.3705564759365846e+06
 90     90     8.9265575600     8.9340002450     8.9414429300    4.7148338681119752e+08    3.3457219884010977e+06
 91     91     8.9114559900     8.9184176300     8.9253792700    4.7213535214346123e+08    3.3313388056848207e+06
 92     92     8.8949275000     8.9025323350     8.9101371700    4.6420732018908250e+08    3.2922996923991251e+06
 93     93     8.8787665500     8.8865659650     8.8943653800    4.6129150789158285e+08    3.2873608912328579e+06
 94     94     8.8637730800     8.8714427750     8.8791124700    4.2342394570579904e+08    3.1542714676409015e+06
 95     95     8.8464014100     8.8544332400     8.8624650700    4.9885610032302386e+08    3.4277618474268625e+06
 96     96     8.8303593700     8.8378561050     8.8453528400    4.5696321777681547e+08    3.2915460248120818e+06
 97     97     8.8155712900     8.8228572300     8.8301431700    4.6065070540720510e+08    3.3137771078034686e+06
 98     98     8.7988266000     8.8071557050     8.8154848100    4.7194472436354512e+08    3.3652186585982731e+06
 99     99     8.7816495100     8.7898543000     8.7980590900    4.7112057830425012e+08    3.3805863499709317e+06
100    100     8.7655966600     8.7732987850     8.7810009100    4.5460521124131316e+08    3.3370798918217570e+06
101    101     8.7494357100     8.7574675400     8.7654993700    5.3267682181977379e+08    3.6299007737251245e+06
102    102     8.7324099600     8.7402309950     8.7480520300    4.6788950138039994e+08    3.4302431488709459e+06
103    103     8.7103467500     8.7184434400     8.7265401300    4.3951724897188908e+08    3.3622741058121580e+06
104    104     8.6953857100     8.7041472150     8.7129087200    4.9468334211174804e+08    3.5986126245434890e+06
105    105     8.6813219000     8.6894834500     8.6976450000    4.4834969643213719e+08    3.4517678900884339e+06
106    106     8.6588154800     8.6664689600     8.6741224400    4.7315243343169743e+08    3.5890605043847770e+06
107    107     8.6437247200     8.6521997600     8.6606748000    5.4857408317942572e+08    3.8764740613960163e+06
108    108     8.6280394100     8.6367036250     8.6453678400    5.4321786822402072e+08    3.8759932509816540e+06
109    109     8.6040304000     8.6123054550     8.6205805100    6.1611920625101769e+08    4.1302579132140400e+06
110    110     8.5910692100     8.5997064000     8.6083435900    9.0249986677569330e+08    4.9155892092431784e+06
111    111     8.5698383700     8.5780485650     8.5862587600    1.1187108641431339e+09    5.4653042300561601e+06
112    112     8.5503911800     8.5588878400     8.5673845000    1.2508587554556067e+09    5.7829204669367140e+06
113    113     8.5360787400     8.5453969600     8.5547151800    1.7138918915344658e+09    6.7400313638529694e+06
114    114     8.5148695200     8.5235121150     8.5321547100    1.6835753899904799e+09    6.6859379937861226e+06
115    115     8.4966979100     8.5048270300     8.5129561500    2.5548704134676824e+09    8.1898890949008474e+06
116    116     8.4873796900     8.4962601050     8.5051405200    2.9520490892445550e+09    8.8128856994831506e+06
117    117     8.4574576100     8.4666353000     8.4758129900    2.8851101810473628e+09    8.7893923302473817e+06
118    118     8.4390481800     8.4477988750     8.4565495700    2.7382300088566952e+09    8.6084421760813929e+06
119    119     8.4283895200     8.4374969450     8.4466043700    2.7979050023107176e+09    8.7329843823694158e+06
120    120     8.4023698500     8.4110935200     8.4198171900    2.7677761183633366e+09    8.7528431970260330e+06
121    121     8.3820902900     8.3911328550     8.4001754200    2.6399206463019109e+09    8.6272634264544398e+06
122    122     8.3652591200     8.3750097400     8.3847603600    2.4682124413212409e+09    8.3449276718342146e+06
123    123     8.3467632100     8.3558111800     8.3648591500    2.7832528011963468e+09    8.8912406004503369e+06
124    124     8.3229163500     8.3314994900     8.3400826300    2.4894576613413448e+09    8.4594608636684828e+06
125    125     8.3100740700     8.3197922600     8.3295104500    2.0754811037400544e+09    7.7470980098977285e+06
